"Rank","Player_Name","Player_Value","Player_ID","Num_Rounds","Sum_Primary","Sum_Weight","Primary_Ratio","Primary_Player","Country","Tour","Num_Rounds_Yr","Sum_Primary_Yr","Sum_Weight_Yr","Primary_Ratio_Yr","Primary_Player_Yr","Tour_Yr"
1,"Dustin Johnson",-2.57367377350857,"12422",258,56.8646009375668,56.8646009375668,1,1,"USA","PGA Tour",94,47.5669953306182,47.5669953306182,1,1,1
2,"Rory McIlroy",-2.26845264446,"10091",229,52.321879015875,52.321879015875,1,1,"NIR","PGA Tour",88,39.9628566963635,39.9628566963635,1,1,1
3,"Justin Thomas",-2.23035843031606,"14139",263,52.2998245022852,52.3808911057714,0.998452363032112,1,"USA","PGA Tour",94,43.00704471058,43.00704471058,1,1,1
4,"Jon Rahm",-2.1110714632245,"19195",253,54.8302873553078,54.8302873553078,1,1,"ESP","PGA Tour",90,44.3646843004829,44.3646843004829,1,1,1
5,"Tiger Woods",-2.0985035654888,"5321",102,34.7804014548201,34.7804014548201,1,1,"USA","PGA Tour",70,30.7519091308186,30.7519091308186,1,1,1
6,"Justin Rose",-2.07018542123978,"6093",248,48.4572982626949,51.0787735499929,0.948677794999674,1,"ENG","PGA Tour",82,34.1021540477218,36.2773314194288,0.940040314802702,1,1
7,"Jason Day",-1.99613579982611,"9771",212,45.468601966693,45.8759260242091,0.991121180697231,1,"AUS","PGA Tour",78,34.5077795974994,34.5077795974994,1,1,1
8,"Rickie Fowler",-1.98756242064624,"12965",260,57.1389215777163,57.1389215777163,1,1,"USA","PGA Tour",90,43.3478718759267,43.3478718759267,1,1,1
9,"Patrick Cantlay",-1.92667067976375,"15466",168,46.6186406763386,46.6186406763386,1,1,"USA","PGA Tour",86,39.3904053365034,39.3904053365034,1,1,1
10,"Webb Simpson",-1.70550776631327,"11049",267,56.5658046009174,56.5658046009174,1,1,"USA","PGA Tour",90,42.3676451909739,42.3676451909739,1,1,1
11,"Tommy Fleetwood",-1.68245649113469,"12294",303,65.4875470147058,65.4875470147058,1,1,"ENG","European Tour",116,54.3067018420141,54.3067018420141,1,1,1
12,"Tony Finau",-1.66200341606246,"11676",302,62.4366985452014,62.4366985452014,1,1,"USA","PGA Tour",104,47.6415357557107,47.6415357557107,1,1,1
13,"Bryson DeChambeau",-1.63747468890321,"19841",264,57.1165357619998,57.2388986122682,0.997862243103293,1,"USA","PGA Tour",100,47.0277112100215,47.0277112100215,1,1,1
14,"Paul Casey",-1.62423939791446,"7108",254,49.7742146268442,52.3072193833914,0.951574471241126,1,"ENG","PGA Tour",84,36.2091822202516,38.7421869767988,0.934618952769391,1,1
15,"Brooks Koepka",-1.5926503443762,"16243",240,48.0771224307364,50.4789622576602,0.952418993586595,1,"USA","PGA Tour",100,42.4964373303258,44.4221062179727,0.956650662213135,1,1
16,"Matt Kuchar",-1.5673967143402,"6169",306,58.9862590720696,61.0868194735541,0.96561352482275,1,"USA","PGA Tour",94,46.0478449370341,47.973513824681,0.959859748971396,1,1
17,"Xander Schauffele",-1.5543811570708,"19895",298,55.6579709904871,56.7834637239958,0.980179216629347,1,"USA","PGA Tour",98,45.3674911604872,45.3674911604872,1,1,1
18,"Sergio Garcia",-1.49507313218617,"5689",241,49.5102223555167,52.6695773957784,0.940015561231465,1,"ESP","PGA Tour",79,36.5658703358291,39.0988750923762,0.935215405799717,1,1
19,"Francesco Molinari",-1.45402480136441,"7655",252,46.0897794707902,46.0897794707902,1,1,"ITA","PGA Tour",82,36.005909647942,36.005909647942,1,1,1
20,"Gary Woodland",-1.44497773541429,"12577",279,57.343797228694,57.343797228694,1,1,"USA","PGA Tour",101,47.3960111654891,47.3960111654891,1,1,1
21,"Hideki Matsuyama",-1.38445210926576,"13562",264,55.151134243396,59.0210808387398,0.934431112742285,1,"JPN","PGA Tour",100,43.4666184653339,46.7932114687439,0.928908640826415,1,1
22,"Louis Oosthuizen",-1.3451233858812,"7672",232,47.600363863518,48.1200799831013,0.989199599839281,1,"RSA","PGA Tour",84,39.9560930197843,39.9560930197843,1,1,1
23,"Ian Poulter",-1.33319165765855,"1435",266,59.6488169162509,59.7184315670124,0.998834285346503,1,"ENG","PGA Tour",100,48.2913711562132,48.2913711562132,1,1,1
24,"Adam Scott",-1.2570601415384,"6430",231,41.2787660054325,43.154911494485,0.956525331090247,1,"AUS","PGA Tour",80,33.0582959631207,34.711933359175,0.952361126678149,1,1
25,"Marc Leishman",-1.23840089753101,"7649",282,55.9572883544011,55.9572883544011,1,1,"AUS","PGA Tour",96,45.2853210596024,45.2853210596024,1,1,1
26,"Bubba Watson",-1.1795579224071,"7334",233,49.2031038621616,49.2031038621616,1,1,"USA","PGA Tour",82,40.5279434044219,40.5279434044219,1,1,1
27,"Rafael Cabrera Bello",-1.17273589474294,"7457",314,63.1719815990224,63.1719815990224,1,1,"ESP","PGA Tour",106,51.2799306706963,51.2799306706963,1,1,1
28,"Charles Howell III",-1.16463617820511,"6892",264,59.1352441091832,59.1352441091832,1,1,"USA","PGA Tour",100,46.7431966807594,46.7431966807594,1,1,1
29,"Henrik Stenson",-1.12284433389222,"5994",226,46.4623589322355,48.6375363039425,0.955277805230224,1,"SWE","PGA Tour",74,33.3767486415527,35.5519260132597,0.938816890795291,1,1
30,"Phil Mickelson",-1.0948395363635,"1547",243,46.7282831964662,46.7282831964662,1,1,"USA","PGA Tour",80,35.2895171855493,35.2895171855493,1,1,1
31,"Lucas Glover",-1.08272060996671,"7399",237,47.5291651527503,52.5271761291021,0.904849044919765,1,"USA","PGA Tour",71,32.7648319670457,37.7628429433975,0.867647385980889,1,1
32,"Matthew Fitzpatrick",-1.07911750210785,"17646",279,55.0645243217103,57.5975290782575,0.956022336425134,1,"ENG","European Tour",100,44.6894569385239,47.2224616950711,0.946360171290868,1,1
33,"Patrick Reed",-1.07876445077019,"14838",334,66.6826072097476,66.6826072097476,1,1,"USA","PGA Tour",106,50.2883854384466,50.2883854384466,1,1,1
34,"Jim Furyk",-1.0459131651769,"2881",183,38.186083896689,38.186083896689,1,1,"USA","PGA Tour",62,32.0724519686572,32.0724519686572,1,0,1
35,"Jason Kokrak",-0.999515027086292,"12337",286,64.5152571206377,64.5152571206377,1,1,"USA","PGA Tour",98,49.0859436857277,49.0859436857277,1,1,1
36,"Ryan Moore",-0.995783963479971,"7489",246,48.8877809032405,48.8877809032405,1,1,"USA","PGA Tour",82,39.1887095631883,39.1887095631883,1,1,1
37,"Byeong Hun An",-0.95546994702841,"14459",287,54.7435348317209,58.1986574413433,0.940632262641029,1,"KOR","PGA Tour",106,44.4101496300631,47.799771814784,0.929087063472707,1,1
38,"Jordan Spieth",-0.941896312732736,"14636",254,49.7260294025716,50.2144200635739,0.990273896215788,1,"USA","PGA Tour",82,40.0903973042796,40.0903973042796,1,1,1
39,"Keegan Bradley",-0.939661707829296,"13872",293,60.2854919891659,62.2111608768128,0.96904624732112,1,"USA","PGA Tour",103,47.3027758965575,49.2284447842044,0.960883003798146,1,1
40,"Joost Luiten",-0.917963946756479,"10158",222,38.3052889682299,38.3052889682299,1,1,"NED","European Tour",43,27.2762121654991,27.2762121654991,1,0,1
41,"Aaron Wise",-0.910857720355436,"22051",233,44.6419011457398,47.79794005771,0.933971235828162,1,"USA","PGA Tour",73,33.7362414883741,33.7362414883741,1,1,1
42,"Kevin Kisner",-0.897388155998768,"11328",274,56.3696561464863,56.3696561464863,1,1,"USA","PGA Tour",89,45.7289658245062,45.7289658245062,1,1,1
43,"Tyrrell Hatton",-0.878455509090667,"14796",262,50.6679461414276,50.6679461414276,1,1,"ENG","European Tour",90,41.0696285106283,41.0696285106283,1,1,1
44,"Cameron Smith",-0.865638170373854,"15856",266,52.9693404945462,55.537530599541,0.953757574791847,1,"AUS","PGA Tour",92,43.2273299301432,45.1529988177901,0.957352358911581,1,1
45,"Chez Reavie",-0.812359390075713,"7961",265,55.1485202211492,55.1485202211492,1,1,"USA","PGA Tour",84,40.1466953057637,40.1466953057637,1,1,1
46,"Haotong Li",-0.788433508609382,"15310",269,57.246438117475,57.2659515469951,0.999659249012844,1,"CHN","European Tour",92,42.5000696147317,42.5000696147317,1,1,1
47,"Zach Johnson",-0.787096989324985,"6986",256,52.5342848359339,52.5342848359339,1,1,"USA","PGA Tour",81,40.0453021181754,40.0453021181754,1,1,1
48,"Billy Horschel",-0.780767694175745,"11276",249,59.0208897068633,59.0208897068633,1,1,"USA","PGA Tour",100,49.4629678136501,49.4629678136501,1,1,1
49,"Jhonattan Vegas",-0.772232040571052,"13508",281,56.7659025562605,56.8469691597467,0.998573950297009,1,"VEN","PGA Tour",90,42.4000675371688,42.4000675371688,1,1,1
50,"Scott Piercy",-0.771492557275146,"7899",239,50.361515972887,50.361515972887,1,1,"USA","PGA Tour",84,41.3789409959173,41.3789409959173,1,1,1
51,"Emiliano Grillo",-0.762009596379812,"12808",301,55.1564763015958,57.2059728462937,0.96417338185639,1,"ARG","PGA Tour",98,43.6500271189431,45.57569600659,0.95774789950836,1,1
52,"Scottie Scheffler",-0.760139962936438,"18417",58,6.77082352504516,36.5308575840517,0.18534532099244,0,"USA","Web.com Tour",46,6.2543990615333,32.0144331205398,0.195361855635064,0,1
53,"Kevin Na",-0.756368686971479,"7452",259,48.6736990203211,49.8796618640515,0.975822553749114,1,"USA","PGA Tour",91,39.7164687846307,40.7322215966595,0.975062670971226,1,1
54,"Thorbjorn Olesen",-0.747657538504205,"13412",245,45.5471277885161,45.5471277885161,1,1,"DEN","European Tour",82,36.1130641886842,36.1130641886842,1,1,1
55,"Bud Cauley",-0.728787116095401,"14502",221,45.5665444873821,45.5665444873821,1,1,"USA","PGA Tour",53,31.6281879599058,31.6281879599058,1,0,1
56,"Siwoo Kim",-0.726799050102347,"14609",275,59.247220525444,59.3147467366826,0.998861561163896,1,"KOR","PGA Tour",102,48.4873882166417,48.4873882166417,1,1,1
57,"Lee Westwood",-0.721945997670642,"4052",230,35.749717499662,35.8701682284228,0.99664203613449,1,"ENG","European Tour",67,27.9146164821507,27.9146164821507,1,1,1
58,"Sungjae Im",-0.705490848968195,"17488",331,48.3960903263169,79.3182536761992,0.61015072928716,1,"KOR","Japan Golf Tour",133,44.3960903263169,62.6337365830066,0.708820721041927,1,1
59,"Adam Hadwin",-0.698534332852861,"13965",277,56.3198833637589,56.3198833637589,1,1,"CAN","PGA Tour",91,41.9492177731481,41.9492177731481,1,1,1
60,"Russell Knox",-0.695970197994234,"13831",294,58.7016561090158,58.7016561090158,1,1,"SCO","PGA Tour",102,47.2601780383962,47.2601780383962,1,1,1
61,"Julian Suri",-0.685703890304077,"18059",224,38.4656378601113,45.8213987637703,0.839468870394348,1,"USA","European Tour",74,25.0956022383276,30.7823300432878,0.815259995037307,1,1
62,"Daniel Berger",-0.680999395340906,"17606",238,46.1162038309834,46.1162038309834,1,1,"USA","PGA Tour",66,32.0664728326471,32.0664728326471,1,0,1
63,"Victor Dubuisson",-0.675420197876297,"10198",104,24.5553674419162,24.598128495481,0.998261613538093,1,"FRA","European Tour",22,16.651926636607,16.651926636607,1,0,1
64,"Charley Hoffman",-0.665223005535914,"5768",280,55.0462137274568,55.0462137274568,1,1,"USA","PGA Tour",86,43.0682531457727,43.0682531457727,1,1,1
65,"Michael Thompson",-0.655966073090397,"12946",202,44.9964320807616,49.4795652585265,0.90939424883099,1,"USA","PGA Tour",84,36.7445945595852,41.0745502121868,0.894583005042453,1,1
66,"Joel Dahmen",-0.642575444287276,"14509",258,61.0760308387309,62.8494938505752,0.971782381954249,1,"USA","PGA Tour",100,49.3089667409665,49.3089667409665,1,1,1
67,"Abraham Ancer",-0.638544244953438,"18238",277,50.6712032133298,57.0613640176487,0.888012477193107,1,"MEX","PGA Tour",98,43.4526638500236,45.3783327376705,0.957564133112182,1,1
68,"Alex Noren",-0.623991072266078,"10419",246,46.0968254485034,46.0968254485034,1,1,"SWE","European Tour",80,36.5088560316669,36.5088560316669,1,1,1
69,"Pat Perez",-0.612640620376789,"6762",207,41.1599151521543,41.6796312717377,0.98753069296139,1,"USA","PGA Tour",69,28.3097135394614,28.3097135394614,1,1,1
70,"Luke List",-0.608479584833628,"7960",269,54.1992561231945,54.1992561231945,1,1,"USA","PGA Tour",81,38.2837777595168,38.2837777595168,1,1,1
71,"Shane Lowry",-0.604030490680126,"13900",253,50.6920601881151,50.6920601881151,1,1,"IRL","European Tour",93,40.9277446047036,40.9277446047036,1,1,1
72,"Brandt Snedeker",-0.592421475841578,"8820",247,54.8302879110371,56.8952506911201,0.9637058848498,1,"USA","PGA Tour",101,46.6270130263283,48.5526819139751,0.960338568092721,1,1
73,"C.T. Pan",-0.564863031529456,"15475",294,57.2364954590251,57.8845130819645,0.988804991379615,1,"TPE","PGA Tour",101,47.1962717826757,47.1962717826757,1,1,1
74,"Kevin Chappell",-0.561677150055659,"13305",226,26.0682125484228,26.0682125484228,1,1,"USA","PGA Tour",46,14.8814872287459,14.8814872287459,1,0,1
75,"Thomas Pieters",-0.559890785319233,"13944",243,45.9943065687098,45.9943065687098,1,1,"BEL","European Tour",82,35.9896188554299,35.9896188554299,1,1,1
76,"Dylan Frittelli",-0.555104235302659,"11955",329,58.9295071169835,66.2422015875923,0.889606711501893,1,"RSA","European Tour",101,42.8489053440329,48.5356331489932,0.882833962678445,1,1
77,"Keith Mitchell",-0.547539716464051,"17365",278,55.3018151598453,59.7279611005834,0.925894909868356,1,"USA","PGA Tour",96,44.5194215852333,44.5194215852333,1,1,1
78,"Rory Sabbatini",-0.547122567164702,"6283",233,59.382077756913,59.5044406071814,0.99794363497884,1,"RSA","PGA Tour",89,45.5280339146296,45.5280339146296,1,1,1
79,"Denny McCarthy",-0.526146885329142,"19870",261,46.6353058238745,57.1507291711171,0.816005438605025,1,"USA","Web.com Tour",93,39.8126902871045,45.4994180920648,0.875015372867988,1,1
80,"Jorge Campillo",-0.524618418091513,"14016",277,61.300548838085,61.300548838085,1,1,"ESP","European Tour",91,45.8403822084519,45.8403822084519,1,1,1
81,"Kyle Stanley",-0.510425156367355,"12069",264,54.4048359105035,54.4048359105035,1,1,"USA","PGA Tour",88,40.4217608910764,40.4217608910764,1,1,1
82,"Graham Delaet",-0.510305451560422,"10252",103,3.94037181702336,3.94037181702336,1,1,"CAN","PGA Tour",0,0,0,NA,0,NA
83,"Eddie Pepperell",-0.505096896237532,"15113",217,46.9839501344646,47.1240836384004,0.997026286919209,1,"ENG","European Tour",80,38.895303519302,38.895303519302,1,1,1
84,"Kevin Streelman",-0.503895198021647,"8480",269,57.6880648415572,57.6880648415572,1,1,"USA","PGA Tour",83,41.9592649351216,41.9592649351216,1,1,1
85,"Matt Wallace",-0.486223026559057,"20706",254,60.0791084612287,60.8116159377844,0.987954480977695,1,"ENG","European Tour",104,49.8889281162766,49.8889281162766,1,1,1
86,"Branden Grace",-0.446450840737358,"11952",287,61.0779880552943,61.1476027060559,0.998861530989266,1,"RSA","PGA Tour",102,50.4229150939601,50.4229150939601,1,1,1
87,"Ryan Palmer",-0.442987152616951,"7820",194,41.2730583982253,41.2730583982253,1,1,"USA","PGA Tour",73,34.351117947667,34.351117947667,1,1,1
88,"Andrew Putnam",-0.442875363483069,"14704",262,43.4545007655967,49.6985316597831,0.874361863707953,1,"USA","Web.com Tour",88,37.4181930645131,39.34386195216,0.951055417742457,1,1
89,"Aaron Baddeley",-0.436666373582555,"6252",234,46.7359618379034,51.7491411447653,0.903125362161319,1,"AUS","PGA Tour",87,37.6663823526141,42.5984950559899,0.884218616247049,1,1
90,"Graeme McDowell",-0.429656103879662,"7548",267,53.4298871910086,53.4298871910086,1,1,"NIR","PGA Tour",86,42.5937986251679,42.5937986251679,1,1,1
91,"Mike Lorenzo-Vera",-0.401987627086827,"9675",238,51.5142803122343,51.5142803122343,1,1,"FRA","European Tour",81,38.2963418961157,38.2963418961157,1,1,1
92,"JT Poston",-0.400721032511209,"21554",287,58.1377290983943,60.1478915150065,0.966579669445094,1,"USA","PGA Tour",96,48.5713973672184,48.5713973672184,1,1,1
93,"Adam Schenk",-0.393952440627766,"19477",294,59.3100566466553,69.9152544006803,0.848313535509043,1,"USA","Web.com Tour",106,48.2473509222563,53.9340787272165,0.894561510288845,1,1
94,"Vaughn Taylor",-0.389474351724581,"6930",259,55.5430349488862,55.5430349488862,1,1,"USA","PGA Tour",85,41.9102760877399,41.9102760877399,1,1,1
95,"Talor Gooch",-0.380140749239057,"18580",229,29.3664293926767,38.4085997799753,0.764579535856634,1,"USA","PGA Tour",63,22.7124436942025,27.7104546705543,0.819634465194727,0,1
96,"Jordan L Smith",-0.379705692282718,"18586",293,58.2680694337039,59.0944737663162,0.986015539526077,1,"ENG","European Tour",92,44.2823529397706,44.2823529397706,1,1,1
97,"Alexander Bjork",-0.378940701242892,"14775",292,51.1022846585513,52.0077972323482,0.982588907394953,1,"SWE","European Tour",77,35.6824405082824,35.6824405082824,1,1,1
98,"Brian Stuard",-0.369790996893586,"13022",286,61.3856321418208,61.3856321418208,1,1,"USA","PGA Tour",103,50.6109792697184,50.6109792697184,1,1,1
99,"Steve Stricker",-0.369484246228585,"4818",130,21.2606365709394,21.2606365709394,1,1,"USA","PGA Tour",40,16.7013996158842,16.7013996158842,1,0,1
100,"Sam Burns",-0.368474524445485,"19483",147,41.0807046703136,54.278257823618,0.75685378119189,1,"USA","PGA Tour",98,37.9127435297818,47.7773996800588,0.793528818723171,1,1
101,"Cameron Percy",-0.361642970029364,"5874",228,13.6954236842595,42.1824877806834,0.324670838653833,0,"AUS","PGA Tour",78,8.13741718679793,33.8176954775517,0.240626011674852,0,1
102,"Kevin Tway",-0.358277048243326,"13127",287,50.2359627808884,50.8672873361906,0.987588790588937,1,"USA","PGA Tour",90,38.7989158883784,38.7989158883784,1,1,1
103,"Russell Henley",-0.348151909533994,"14578",251,51.8778112113885,51.8778112113885,1,1,"USA","PGA Tour",82,40.20664634262,40.20664634262,1,1,1
104,"Sam Ryder",-0.335352758418296,"16715",254,46.1392174655088,50.8066452579805,0.908133517401672,1,"USA","PGA Tour",86,40.2229556156652,40.2229556156652,1,1,1
105,"Brian Gay",-0.332921650736502,"5951",259,63.8316950825865,63.9540579328548,0.998086707017141,1,"USA","PGA Tour",113,54.133202346827,54.133202346827,1,1,1
106,"Tom Lewis",-0.328546598306888,"15164",212,40.56194163285,47.3822351119214,0.856058004377354,1,"ENG","European Tour",96,35.6645351777025,41.2971290984472,0.863608099552942,1,1
107,"Nick Taylor",-0.319645255158683,"13126",269,63.407479651516,63.407479651516,1,1,"CAN","PGA Tour",99,49.2597525857087,49.2597525857087,1,1,1
108,"Troy Merritt",-0.314712207903534,"13367",250,37.7377814000216,38.8083592550559,0.972413730557424,1,"USA","PGA Tour",68,27.6654373936103,27.6654373936103,1,1,1
109,"Matt Jones",-0.303963738504076,"8605",243,51.2992897142713,55.4339476936675,0.925412889548393,1,"AUS","PGA Tour",85,39.6912613524783,42.4048056571955,0.936008566419245,1,1
110,"Peter Malnati",-0.300670712452621,"14926",261,50.0033604448765,55.6900882498368,0.897886177169473,1,"USA","PGA Tour",95,38.0235521601429,43.7102799651032,0.869899533713801,1,1
111,"J.B. Holmes",-0.29854930576574,"7959",239,44.8502387630751,44.8502387630751,1,1,"USA","PGA Tour",78,35.1956982859406,35.1956982859406,1,1,1
112,"Kiradech Aphibarnrat",-0.286944460932114,"12321",290,51.4857707872362,55.9489889455043,0.920227009595913,1,"THA","European Tour",94,40.5660406780829,43.0230552919336,0.942890745504274,1,1
113,"Cameron Champ",-0.279336202550548,"23542",136,29.0660671105293,47.1232684250118,0.616809234206297,1,"USA","Web.com Tour",97,25.4374934351577,40.1034998568525,0.634296096997907,1,1
114,"Jamie Lovemark",-0.27528755609988,"11382",244,31.1874165651194,31.1874165651194,1,1,"USA","PGA Tour",60,20.329475793191,20.329475793191,1,0,1
115,"Mikko Korhonen",-0.269702807319374,"9252",227,53.2520346259962,53.2520346259962,1,1,"FIN","European Tour",85,41.1979261849169,41.1979261849169,1,1,1
116,"Joaquin Niemann",-0.262416107908607,"18079",116,45.8118242476642,50.1874059908539,0.91281514442115,1,"CHI","PGA Tour",90,40.3537534167809,44.1173534167809,0.914691165527431,1,1
117,"Justin Harding",-0.260880559484467,"10886",241,33.9388352100981,58.9603317348903,0.575621510453858,1,"RSA","Sunshine Tour",97,32.395795191222,49.2161582711157,0.658234944157245,1,1
118,"Shugo Imahira",-0.259664372269429,"13485",280,8.54767865913982,52.9237160490681,0.16150941954293,0,"JPN","Japan Golf Tour",85,7.86063037554701,37.9087498404699,0.207356623698398,0,1
119,"Nick Watney",-0.253696555571138,"7955",210,55.3554061498638,55.3554061498638,1,1,"USA","PGA Tour",93,42.0496810984316,42.0496810984316,1,1,1
120,"Scott Stallings",-0.243331580609111,"12359",251,54.4282044444645,54.613149675705,0.996613540285834,1,"USA","PGA Tour",85,42.0877164269627,42.0877164269627,1,1,1
121,"Fabrizio Zanotti",-0.239630552980041,"9842",231,45.8748016142018,46.1407175356308,0.994236849021178,1,"PAR","European Tour",62,32.3363132766041,32.3363132766041,1,0,1
122,"Sunghoon Kang",-0.236744424197465,"7881",281,57.5938210658856,57.9544221253447,0.993777850831138,1,"KOR","PGA Tour",91,45.0189795124209,45.0189795124209,1,1,1
123,"Martin Laird",-0.232895937788808,"9586",227,46.532490461528,46.532490461528,1,1,"SCO","PGA Tour",70,33.4073706897044,33.4073706897044,1,1,1
124,"Austin Cook",-0.229253821138152,"18579",284,43.8775081321541,48.9570216758314,0.896245454282099,1,"USA","Web.com Tour",84,36.0595842095533,36.0595842095533,1,1,1
125,"Lucas Bjerregaard",-0.223823994004037,"11619",273,54.6387718836574,54.6387718836574,1,1,"DEN","European Tour",98,45.0512166233491,45.0512166233491,1,1,1
126,"Ryan Armour",-0.222123075218766,"8469",280,60.9097659026674,62.306432549867,0.977583909236309,1,"USA","PGA Tour",102,48.4728383754324,48.4728383754324,1,1,1
127,"J.J Spaun",-0.220929261688299,"17536",266,48.7238587839097,49.3637351353267,0.987037521580108,1,"USA","PGA Tour",89,40.6130286455812,40.6130286455812,1,1,1
128,"Harold Varner III",-0.219530057147577,"16602",298,58.1444276885753,58.6205986278522,0.991877071363604,1,"USA","PGA Tour",94,44.2027740033843,44.2027740033843,1,1,1
129,"Andy Sullivan",-0.216530119265143,"15326",268,51.7561056275955,51.7561056275955,1,1,"ENG","European Tour",90,41.1599207175396,41.1599207175396,1,1,1
130,"Trey Mullinax",-0.213104601023894,"18761",269,56.4046384658215,58.0623884615135,0.971448814979582,1,"USA","PGA Tour",87,44.876430221031,44.876430221031,1,1,1
131,"Stewart Cink",-0.209770431224973,"5665",235,43.0082100476149,43.0082100476149,1,1,"USA","PGA Tour",75,32.8712959976347,32.8712959976347,1,1,1
132,"David Lipsky",-0.201910187643291,"15980",280,58.3977476175385,59.4412207342541,0.982445294631807,1,"USA","European Tour",90,44.9199679666228,44.9199679666228,1,1,1
133,"Sean Crocker",-0.197064901200718,"23610",124,31.3900881891285,45.7344812430886,0.686354963168456,1,"USA","European Tour",76,23.0553107359607,36.8799876703375,0.625144209429985,1,1
134,"Erik van Rooyen",-0.19195040751393,"17550",247,53.9421413376974,60.3703502753484,0.893520430006914,1,"RSA","European Tour",89,44.4948280333826,45.1234012874992,0.986069905277936,1,1
135,"Zhang Xinjun",-0.18923667696389,"13026",253,15.4269843445587,57.1880590844013,0.269758837623614,0,"CHN","Web.com Tour",84,9.62793629391151,43.2486582530949,0.222618150083824,0,1
136,"Patton Kizzire",-0.172498174826281,"13470",251,54.9176967919634,54.9176967919634,1,1,"USA","PGA Tour",93,45.6352896059283,45.6352896059283,1,1,1
137,"Thomas Detry",-0.166100079527834,"14181",274,54.7274633981198,55.8663408231841,0.979614246999481,1,"BEL","European Tour",92,45.0222819345469,45.0222819345469,1,1,1
138,"Ryan Fox",-0.162577215264251,"11889",287,47.9860287766469,53.0145866937848,0.90514765405636,1,"NZL","European Tour",93,38.8512900919325,41.8922143265507,0.927410754396648,1,1
139,"Danny Lee",-0.145710349869696,"11826",277,55.2917325339703,55.3572329588718,0.998816768443788,1,"NZL","PGA Tour",90,43.1998327546499,43.1998327546499,1,1,1
140,"Corey Conners",-0.134157301586803,"17576",297,46.992466492265,56.1310723694782,0.837191674923668,1,"CAN","PGA Tour",94,39.5853703423394,43.8287662171066,0.903182401855723,1,1
141,"Roberto Castro",-0.133467379386311,"12643",219,30.4897821952773,43.1610257372427,0.706419314056485,1,"USA","PGA Tour",72,25.2988462700999,33.2393855947257,0.761110526486816,1,1
142,"Chris Kirk",-0.11118547287928,"12423",272,54.4291723963397,54.4291723963397,1,1,"USA","PGA Tour",93,42.85079604361,42.85079604361,1,1,1
143,"Tyler McCumber",-0.110822421953771,"17584",189,2.28765743357991,45.9898868444545,0.0497426193136145,0,"USA","PGA Tour Canada",78,1.60402827417263,38.0360314022585,0.0421712837811304,0,1
144,"Richard Sterne",-0.110276122827374,"7049",249,46.2143464599734,46.2143464599734,1,1,"RSA","European Tour",79,35.2719871615195,35.2719871615195,1,1,1
145,"Mark Anderson",-0.108857939510379,"12131",214,3.99913405108345,39.7810390250594,0.100528647543979,0,"USA","Web.com Tour",69,1.8818,27.1880444449011,0.0692142461298982,0,1
146,"Luke Donald",-0.105426072476662,"4163",156,19.535499271764,19.535499271764,1,1,"ENG","PGA Tour",17,12.124420850298,12.124420850298,1,0,1
147,"Chesson Hadley",-0.0992951969827862,"14967",265,52.3801931475887,55.8494536721185,0.937881925490315,1,"USA","PGA Tour",91,42.0089565870568,42.0089565870568,1,1,1
148,"Jimmy Walker",-0.0940552056018418,"7293",239,53.8131809241181,53.8131809241181,1,1,"USA","PGA Tour",83,40.7522175508265,40.7522175508265,1,1,1
149,"Beau Hossler",-0.0872452690016843,"15470",231,55.9703059732974,58.9521209064097,0.949419717437375,1,"USA","PGA Tour",94,43.2298291545553,43.2298291545553,1,1,1
150,"Patrick Rodgers",-0.0854744771937259,"16283",246,47.5158911192814,47.5158911192814,1,1,"USA","PGA Tour",84,37.2028328523776,37.2028328523776,1,1,1
151,"Steve Marino",-0.0727061085656229,"7741",134,11.5709166104948,28.6851376681936,0.403376715298975,0,"USA","PGA Tour",44,9.06677985731687,23.1847328597426,0.39106682454212,0,1
152,"Johnson Wagner",-0.0574758324376061,"7927",223,40.4458740550276,42.4180232752129,0.953506809890934,1,"USA","PGA Tour",73,30.7786794072615,32.1354515596201,0.957779583403661,1,1
153,"Jazz Janewattananond",-0.0484404541410179,"14368",259,21.2617276476225,64.5746865258107,0.329257930491449,0,"THA","Asian Tour",106,13.7470078933507,50.2309282832703,0.273676166520881,0,1
154,"Shawn Stefani",-0.0461963239608449,"14012",255,48.0400629755233,54.6471833417792,0.879094951245097,1,"USA","PGA Tour",91,35.7946359098389,41.4813637147992,0.862908851211866,1,1
155,"Ross Fisher",-0.0455547666310259,"9396",249,47.5243781099658,47.5243781099658,1,1,"ENG","European Tour",86,37.0669646644618,37.0669646644618,1,1,1
156,"Wyndham Clark",-0.0451404215989344,"23604",147,36.4976687536356,53.9919892547551,0.675983034842918,1,"USA","Web.com Tour",100,33.1146786876258,46.5603425758088,0.711220683862217,1,1
157,"Ernie Els",-0.0438315833356455,"874",222,52.7792549337594,54.0520041288111,0.976453246913498,1,"RSA","PGA Tour",84,42.5832965621962,43.8027286751823,0.972160818518208,1,1
158,"Andrew Landry",-0.03875970723572,"14000",240,50.6363179212765,54.8417548745437,0.92331687848269,1,"USA","PGA Tour",90,45.6424094662482,45.6424094662482,1,1,1
159,"Martin Kaymer",-0.0350043340150021,"8117",266,56.2718732920179,56.2718732920179,1,1,"GER","European Tour",93,46.6667899715749,46.6667899715749,1,1,1
160,"Nate Lashley",-0.0346190817944172,"10943",258,27.9819596374798,41.4466158399301,0.675132554743389,1,"USA","Web.com Tour",60,19.0685673864552,27.2621112417945,0.69945306940212,0,1
161,"Matthias Schwab",-0.0315121922788091,"15016",187,52.3681056727776,57.7026279512159,0.907551484779023,1,"AUT","European Tour",102,46.8029437154586,47.702182376685,0.981148898930336,1,1
162,"Robby Shelton IV",-0.0262187917548702,"18635",191,1.25213249881617,52.8402057098913,0.0236965863776299,0,"USA","Web.com Tour",90,0,42.7034207137967,0,0,1
163,"Jimmy Stanger",-0.0163051665114589,"23048",101,0.939655426058573,41.9786261421601,0.0223841395589375,0,"USA","Web.com Tour",70,0,34.3385421670146,0,0,1
164,"Benjamin Hebert",-0.0114968362763004,"12213",247,48.9639116586248,48.9639116586248,1,1,"FRA","European Tour",74,34.9520613794594,34.9520613794594,1,1,1
165,"Peter Uihlein",-0.011086758075515,"11357",228,52.3080450047245,53.0458644776894,0.986090914339322,1,"USA","PGA Tour",89,41.1303649578816,41.1303649578816,1,1,1
166,"James Hahn",-0.000179384273633065,"11374",252,38.4608252403454,38.4608252403454,1,1,"USA","PGA Tour",70,27.8040911906175,27.8040911906175,1,1,1
167,"Seungyul Noh",-0.000109113541720607,"11117",120,3.8078390563761,4.11749945583708,0.924794064265874,1,"KOR","PGA Tour",0,0,0,NA,0,NA
168,"Brian Harman",0.00563446907514331,"8825",283,56.3289041659306,56.3289041659306,1,1,"USA","PGA Tour",89,41.2887350967898,41.2887350967898,1,1,1
169,"D.J. Trahan",0.0131536234809952,"7236",105,22.9840147160403,24.3361104947036,0.944440761026395,1,"USA","PGA Tour",38,21.1775715087181,21.1775715087181,1,0,1
170,"Richy Werenski",0.0324506591807761,"19364",265,57.2995524183842,57.8213959254792,0.990974906455605,1,"USA","PGA Tour",93,43.8803126654453,43.8803126654453,1,1,1
171,"Kyounghoon Lee",0.0412748651873627,"13497",325,38.4577423887594,65.1601486026612,0.59020341747945,1,"KOR","Web.com Tour",104,34.1079593610841,48.8394054846227,0.698369667333956,1,1
172,"Nacho Elvira",0.0457891523319174,"12988",262,52.9224798900975,52.9224798900975,1,1,"ESP","European Tour",82,37.8368320297883,37.8368320297883,1,1,1
173,"Carlos Ortiz",0.049559842168744,"14735",261,32.3240466452664,58.2047684459703,0.555350489458124,1,"MEX","Web.com Tour",101,29.5401562434453,45.9646193383724,0.642671617184142,1,1
174,"Max Homa",0.0498420417427057,"17538",215,33.9450664012885,55.1127295985555,0.61592061668051,1,"USA","Web.com Tour",97,28.4254159356543,44.1386257727771,0.644003193075983,1,1
175,"Adrian Otaegui",0.0527539671366553,"14975",275,55.294685510837,55.294685510837,1,1,"ESP","European Tour",90,43.8944640806008,43.8944640806008,1,1,1
176,"Bill Haas",0.0533669419873237,"7900",244,45.7839212964217,45.7839212964217,1,1,"USA","PGA Tour",74,32.377580765213,32.377580765213,1,1,1
177,"Bronson Burgoon",0.0625833248432559,"11082",159,31.9219660470366,34.3088631352504,0.930429140749889,1,"USA","PGA Tour",65,27.3675745106154,27.3675745106154,1,0,1
178,"Maximilian Kieffer",0.0682855930466144,"12317",234,49.4286260696456,49.4286260696456,1,1,"GER","European Tour",82,40.0761649376455,40.0761649376455,1,1,1
179,"Ollie Schniederjans",0.07390863810499,"18662",270,55.5123604072433,56.052140874056,0.990370029433389,1,"USA","PGA Tour",89,41.7038987746957,41.7038987746957,1,1,1
180,"Gaganjeet Bhullar",0.0762780459721055,"10766",230,36.6726629388081,55.3299290823415,0.662799745942782,1,"IND","Asian Tour",94,31.493706662959,44.4569294254739,0.708409399163611,1,1
181,"Joseph Bramlett",0.0811634760259672,"14698",113,0.069614650761533,43.9224273567777,0.00158494543564407,0,"USA","Web.com Tour",82,0,35.8935792602707,0,0,1
182,"Robert Rock",0.0829309374051999,"7895",232,45.6292417596962,45.6292417596962,1,1,"ENG","European Tour",77,36.2633023576898,36.2633023576898,1,1,1
183,"Chase Seiffert",0.0851471975688503,"17509",63,1.82473984318709,34.5296265914522,0.0528456291977048,0,"USA","Web.com Tour",52,1.55553005298371,30.2604168012488,0.0514047794913225,0,1
184,"Sam Saunders",0.0857738573769777,"11048",236,51.1826269387324,52.3730093107701,0.977271071727533,1,"USA","PGA Tour",80,40.4410500732379,40.4410500732379,1,1,1
185,"Chris Paisley",0.104191649546749,"14844",242,43.9264747540219,47.5244537580865,0.924292049259957,1,"ENG","European Tour",76,35.4113839985361,39.0093630026007,0.907766271296848,1,1
186,"Kramer Hickok",0.114342244633223,"21237",210,35.6323383836946,59.6750558218871,0.597106075443765,1,"USA","Web.com Tour",101,30.8613100571082,46.2499721050065,0.667271971257416,1,1
187,"Sanghyun Park",0.116172068684951,"10086",259,7.35555006483642,46.195222538906,0.159227505801958,0,"KOR","Japan Golf Tour",88,7.35555006483642,33.5356982413225,0.219334931150262,0,1
188,"George Cunningham",0.116441176443718,"24960",81,4.89446457339386,40.5762870668016,0.120623766421408,0,"USA","PGA Tour Canada",77,4.89446457339386,36.5762870668016,0.13381523839352,0,1
189,"Brice Garnett",0.119302772692492,"11451",257,53.9715936492367,58.2466248616329,0.926604653530539,1,"USA","PGA Tour",91,42.556068154582,42.556068154582,1,1,1
190,"Charl Schwartzel",0.119365588231335,"7398",249,49.1624918167276,49.2052528702924,0.999130965678044,1,"RSA","PGA Tour",83,39.9722232774441,39.9722232774441,1,1,1
191,"Masahiro Kawamura",0.119987699551439,"13530",282,28.2199761698349,57.1604191181939,0.493697852555678,0,"JPN","Japan Golf Tour",95,26.3209881676879,45.4629487174794,0.578954707299224,1,1
192,"Lucas Herbert",0.125709412556428,"17064",155,36.6819635387586,42.6116644633956,0.860843245639214,1,"AUS","European Tour",85,35.5704692592783,37.7169515384772,0.943089719830375,1,1
193,"Jonas Blixt",0.128643419059974,"8182",225,51.2770105367342,51.6843345942504,0.992119003548873,1,"SWE","PGA Tour",80,41.3698432713742,41.3698432713742,1,1,1
194,"William McGirt",0.133442760042073,"12477",204,19.3549090527388,19.3549090527388,1,1,"USA","PGA Tour",34,9.17973014022729,9.17973014022729,1,0,1
195,"Harris English",0.135120265476307,"14577",262,60.3799264656973,60.3799264656973,1,1,"USA","PGA Tour",86,45.6253610240085,45.6253610240085,1,1,1
196,"Andrea Pavan",0.14798085289416,"12177",242,50.4169134005984,54.0039443101477,0.933578353296774,1,"ITA","European Challenge Tour",92,42.8264481143811,42.8264481143811,1,1,1
197,"Danny Willett",0.151968432572388,"12920",214,48.8607884929585,48.8607884929585,1,1,"ENG","European Tour",87,41.2219973621678,41.2219973621678,1,1,1
198,"Brendan Steele",0.152499892623429,"11019",233,45.4812363083983,47.4069051960452,0.959379991592289,1,"USA","PGA Tour",71,32.5101446442634,34.4358135319103,0.944079471627338,1,1
199,"Scott Brown",0.157746135734455,"11330",269,58.6489434307474,58.6489434307474,1,1,"USA","PGA Tour",94,45.5382368809072,45.5382368809072,1,1,1
200,"Steven Alker",0.161240459683907,"4871",209,2.36156362493066,38.1485854588082,0.0619043562566851,0,"NZL","Web.com Tour",62,0,29.7429907483289,0,0,1
201,"Lanto Griffin",0.162324403560896,"15330",245,14.7777940735642,53.1291146650933,0.278148698067303,0,"USA","Web.com Tour",82,9.69864525730342,38.9391318188132,0.249071943936294,0,1
202,"Juan Sebastian Munoz",0.164959989407795,"20770",250,35.1016060805567,57.5597639707881,0.609828874530671,1,"COL","Web.com Tour",100,29.036377845498,44.3463882757533,0.654763081605314,1,1
203,"Hudson Swafford",0.165977895985232,"14706",260,49.0840420927689,49.0840420927689,1,1,"USA","PGA Tour",71,36.8637831027616,36.8637831027616,1,1,1
204,"Alexander Levy",0.166337891399424,"14973",228,40.2311118417945,40.2311118417945,1,1,"FRA","European Tour",72,28.6890590478842,28.6890590478842,1,1,1
205,"Jason Scrivener",0.174657835523919,"12734",255,50.1786529417263,54.4813858055676,0.921023799225725,1,"AUS","European Tour",87,36.309174100501,39.3500983351193,0.922721305326338,1,1
206,"Chris Stroud",0.178865317881491,"9604",205,44.447952221671,44.5423023087204,0.997881786927055,1,"USA","PGA Tour",67,34.2030691633975,34.2030691633975,1,1,1
207,"Mackenzie Hughes",0.181892304241908,"15556",277,51.2698305038962,51.926623819641,0.987351511278182,1,"CAN","PGA Tour",84,40.1456501594132,40.1456501594132,1,1,1
208,"Ryan Blaum",0.182809794717475,"9643",287,58.3931005426756,59.0608607176485,0.988693693812469,1,"USA","PGA Tour",95,45.7669168435391,45.7669168435391,1,1,1
209,"Jason Dufner",0.189289797588565,"7301",244,46.3516180916219,46.3516180916219,1,1,"USA","PGA Tour",70,32.7658518739168,32.7658518739168,1,1,1
210,"Sam Horsfield",0.196799016409599,"19866",133,40.7696416584062,40.7696416584062,1,1,"ENG","European Tour",73,30.6092086399861,30.6092086399861,1,1,1
211,"Adam Long",0.204662441346985,"15473",255,29.9281001156344,55.5612521236739,0.538650569807488,1,"USA","Web.com Tour",100,25.9281001156344,43.0735951219477,0.601948828330399,1,1
212,"Adria Arnaus",0.212506360001767,"23236",173,30.8798921101896,57.7437841271807,0.534774306480792,1,"ESP","European Challenge Tour",112,25.6525411080111,48.4564890991482,0.529393309026634,1,1
213,"Henrik Norlander",0.217735887587882,"11657",220,3.08735954042472,51.5560431547101,0.0598835626535599,0,"SWE","Web.com Tour",86,1.92566888764689,38.9997176070668,0.0493764828517107,0,1
214,"Minwoo Lee",0.228139660257942,"16841",62,15.9459343137118,22.7827577675019,0.699912384463729,1,"AUS","PGA Tour Australasia",32,11.9459343137118,17.1165012740498,0.697919167150293,0,1
215,"George Coetzee",0.230391750830923,"10884",279,54.1565842463023,57.0099948044711,0.9499489419714,1,"RSA","European Tour",88,44.1348967619762,46.2808009712404,0.953632950073666,1,1
216,"Dominic Bozzelli",0.230639207789746,"17564",218,42.1008759981018,45.3959899727824,0.927413985758296,1,"USA","PGA Tour",79,32.5606367819165,35.4040006843966,0.919688062153573,1,1
217,"Ben Martin",0.236861240427035,"14007",184,14.6794294288744,14.6794294288744,1,1,"USA","PGA Tour",16,4.38301628678273,4.38301628678273,1,0,1
218,"Bradley Dredge",0.237890375589483,"6150",215,40.2783076753057,40.2783076753057,1,1,"WAL","European Tour",78,33.2546770724526,33.2546770724526,1,1,1
219,"Darren Fichardt",0.244674167661716,"5754",222,44.1593191788383,49.4133430667578,0.893671960611503,1,"RSA","European Tour",81,35.8528777029354,39.716166300913,0.90272755510421,1,1
220,"Brett Stegmaier",0.24673310335418,"11354",223,14.0285646933618,44.9346135046094,0.31219951834954,0,"USA","PGA Tour",62,6.00969362278136,33.703855236116,0.178308789326319,0,1
221,"Victor Perez",0.24849183345733,"20730",217,25.1290790839494,48.981239708532,0.513034770730235,1,"FRA","European Challenge Tour",96,23.5687515655608,40.9927371955727,0.574949446608466,1,1
222,"Kelly Kraft",0.253721505187177,"15852",248,53.7212111018702,53.9096531302555,0.996504484495013,1,"USA","PGA Tour",89,42.1684513268422,42.1684513268422,1,1,1
223,"Romain Langasque",0.254489070312713,"16652",266,33.901991038738,55.646099101263,0.609242904467467,1,"FRA","European Challenge Tour",98,24.302150366325,43.5836716558514,0.557597592011554,1,1
224,"Billy Kennerly",0.259095383846327,"15658",156,0.0241507968221275,39.8902798043138,0.000605430619704898,0,"USA","Web.com Tour",70,0,32.4556727667266,0,0,1
225,"Jeff Winther",0.260211115309851,"15680",217,39.1249429830722,43.6086044659472,0.897184018205027,1,"DEN","European Tour",75,32.2641340903313,35.1253397026836,0.918542976763475,1,1
226,"Doug Ghim",0.260677556273901,"24550",64,14.7383629611283,35.86450300703,0.41094569073603,0,"USA","Web.com Tour",58,14.0117935494934,33.137933595395,0.422832446964664,0,1
227,"Paul Waring",0.261751242772363,"12426",196,41.1284537573423,41.1284537573423,1,1,"ENG","European Tour",69,32.0056765246827,32.0056765246827,1,1,1
228,"Hank Lebioda",0.26382653804417,"21943",244,32.1736866110903,57.9247931681669,0.555438955434572,1,"USA","Web.com Tour",97,28.1736866110903,43.7654058010585,0.643743296684088,1,1
229,"Anders Albertson",0.267055348868674,"21235",250,26.3839063539942,51.715302824743,0.510176000388242,1,"USA","Web.com Tour",98,24.3231064013795,40.9166741839948,0.594454629718999,1,1
230,"Jonathan Byrd",0.268631695191005,"6931",239,37.2375818049541,45.0168477409747,0.827192121918838,1,"USA","PGA Tour",71,28.9624262980101,33.2058221727774,0.872209281472148,1,1
231,"Sean O'Hair",0.280384844036351,"7626",214,29.1603007479479,29.1603007479479,1,1,"USA","PGA Tour",45,18.8706277875927,18.8706277875927,1,0,1
232,"Paul Dunne",0.282177656019494,"18736",256,48.6919231560894,48.6919231560894,1,1,"IRL","European Tour",77,36.8640576936062,36.8640576936062,1,1,1
233,"Anirban Lahiri",0.288724622776995,"12669",269,49.7951955654857,53.0703482430163,0.938286580247537,1,"IND","PGA Tour",88,37.6687969501056,40.806808765636,0.923100778755995,1,1
234,"Julian Etulain",0.290918314946048,"11911",269,34.5389534212057,56.015468944814,0.616596702157991,1,"ARG","Web.com Tour",91,28.010397313456,41.7615080129584,0.670722841348653,1,1
235,"Bo Hoag",0.29219147753959,"14081",172,0,52.3065686651756,0,0,"USA","Web.com Tour",84,0,40.414878858904,0,0,1
236,"Hunter Mahan",0.293421796381334,"7636",221,43.1641522013359,48.2390880387008,0.894796190315758,1,"USA","PGA Tour",77,34.378431123034,38.5559287248252,0.891650966791485,1,1
237,"Ben Kohles",0.293510661175573,"16395",218,0.101078771230536,46.4127075722325,0.00217782535253359,0,"USA","Web.com Tour",78,0,34.6727269393575,0,0,1
238,"Callum Shinkwin",0.294278996865689,"18244",190,37.5964497021251,37.5964497021251,1,1,"ENG","European Tour",62,29.7048407631726,29.7048407631726,1,0,1
239,"Alex Prugh",0.294574756333734,"12339",269,29.5876961163779,56.197227295772,0.526497436620044,1,"USA","Web.com Tour",103,25.3747662695082,42.679449869129,0.594542955621889,1,1
240,"Joachim B Hansen",0.303274928025927,"14284",256,35.0246441522301,60.7319536126687,0.576708669304588,1,"DEN","European Challenge Tour",106,29.3549492047923,47.4477297430904,0.61867974218655,1,1
241,"Scott Jamieson",0.305792594195107,"11397",249,46.6622474940702,46.7120429514354,0.998933991017756,1,"SCO","European Tour",74,32.4895828793338,32.4895828793338,1,1,1
242,"Roberto Diaz",0.314854609172307,"15394",270,41.4580821495247,56.3098960419831,0.736248600399026,1,"MEX","Web.com Tour",87,31.9645730209939,41.2704593528292,0.774514592816196,1,1
243,"Yoshinori Fujimoto",0.319249029795671,"11773",226,0,35.0916831782591,0,0,"JPN","Japan Golf Tour",57,0,26.1209779374995,0,0,1
244,"Andrew Johnston",0.330899080188916,"14666",205,30.4305642177718,30.583741742935,0.994991537449841,1,"ENG","European Tour",55,22.9040270429818,22.9040270429818,1,0,1
245,"John Huh",0.330918715809442,"14606",247,42.0883512552139,42.0883512552139,1,1,"USA","PGA Tour",71,31.0953533866828,31.0953533866828,1,1,1
246,"Cameron Davis",0.330928927006498,"17786",171,33.6478567099134,52.4246772062734,0.641832406092276,1,"AUS","PGA Tour",97,30.5201907515882,44.534266702772,0.685319261127264,1,1
247,"Ben Crane",0.337791429598003,"6674",219,33.5253182312538,39.8043251214323,0.842253150354317,1,"USA","PGA Tour",66,23.2327138778799,28.9194416828401,0.803359695967624,0,1
248,"Rikuya Hoshino",0.354166950815002,"19190",196,2.94965472768473,44.9702080975933,0.065591307055628,0,"JPN","Japan Golf Tour",73,2.94965472768473,31.779753292517,0.0928155325982117,0,1
249,"Ashley Chesters",0.355283726503128,"18735",257,55.934724149176,56.5985511004468,0.988271308392811,1,"ENG","European Tour",97,46.3824776352249,46.3824776352249,1,1,1
250,"Brandon Harkins",0.35614700289354,"15427",263,56.7196114356566,61.1885513963191,0.926964442552054,1,"USA","PGA Tour",93,45.3831207704693,45.3831207704693,1,1,1
251,"Christiaan Bezuidenhout",0.358302163064336,"18103",253,55.4044115637353,62.7781684273279,0.882542656972727,1,"RSA","Sunshine Tour",101,48.0737186411125,50.9349242534648,0.943826251745968,1,1
252,"Aaron Rai",0.360465306950332,"18554",283,56.3106375818396,59.2560726417225,0.950293110417698,1,"ENG","European Tour",91,43.9982703735095,43.9982703735095,1,1,1
253,"Brad Kennedy",0.366010026750533,"6287",238,2.86152801926733,45.2144045572148,0.0632879730981821,0,"AUS","Japan Golf Tour",67,2.77536944398175,31.6085516540078,0.0878043851664379,0,1
254,"Seamus Power",0.376495649930693,"10104",270,51.6174811673387,53.3698497780676,0.967165569736173,1,"IRL","PGA Tour",79,39.0420040162661,39.0420040162661,1,1,1
255,"Justin Lower",0.385651280616472,"17723",154,0.168391573455318,43.3139843344779,0.00388769530309127,0,"USA","Web.com Tour",79,0,36.789900522783,0,0,1
256,"Kurt Kitayama",0.387860817272329,"21891",212,32.1752629562289,51.5967033554919,0.623591447975797,1,"USA","Web.com Tour",93,29.1890776046084,43.7204727098995,0.66762950616495,1,1
257,"Fabian Gomez",0.394200212237308,"8571",246,44.237512280499,56.9780972106662,0.776395043817255,1,"ARG","PGA Tour",95,31.2591924685836,43.9187107952646,0.711751139834324,1,1
258,"Brian Campbell",0.398121164074463,"18628",208,2.00480009306925,48.6880401357731,0.0411764385561341,0,"USA","Web.com Tour",82,0,38.4308587801297,0,0,1
259,"Jim Knous",0.400638321394767,"16382",189,32.2267196497021,54.7816965592711,0.588275312263,1,"USA","Web.com Tour",97,27.7982999348112,44.1151528400304,0.630130423340318,1,1
260,"Josh Teater",0.408430421753588,"8085",282,24.0561524045725,53.2472708710353,0.451781884987804,0,"USA","Web.com Tour",98,21.5418436816855,41.1113922710184,0.523987208695716,1,1
261,"Ryuko Tokimatsu",0.409596439856205,"16648",239,2.42168720465698,48.2050339661407,0.0502372263933676,0,"JPN","Japan Golf Tour",84,2.42168720465698,34.4502183474899,0.0702952643211166,0,1
262,"Benjamin Silverman",0.419119084708493,"17381",251,45.9029088616962,54.5960408774462,0.840773582185861,1,"CAN","PGA Tour",88,37.4556404645343,41.7216747923491,0.897750165853909,1,1
263,"Pablo Larrazabal",0.42346691072244,"9133",246,49.6283780601781,49.6283780601781,1,1,"ESP","European Tour",73,39.1178688160125,39.1178688160125,1,1,1
264,"Daehyun Kim",0.423578382452939,"9634",42,0,12.0669139692927,0,0,"KOR","Korean Golf Tour",8,0,7.6436,0,0,1
265,"Padraig Harrington",0.426833738665831,"5716",208,35.2812077185,35.3239687720648,0.99878946066789,1,"IRL","European Tour",64,25.4520841623142,25.4520841623142,1,0,1
266,"Julien Guerrier",0.427781449271982,"10201",229,26.9486782723412,31.6289625557786,0.852025362033814,1,"FRA","European Challenge Tour",65,21.9116411809646,21.9116411809646,1,0,1
267,"Scott Langley",0.430266821691429,"14700",237,35.1967822079678,56.5454232202971,0.622451477122091,1,"USA","Web.com Tour",94,32.7112956014598,45.0825053481223,0.72558735032285,1,1
268,"Nicolas Colsaerts",0.431180706986486,"6893",276,55.8379689173897,57.7636378050366,0.966662956821619,1,"BEL","European Tour",95,42.6854363709273,44.6111052585742,0.956834315660072,1,1
269,"David Lingmerth",0.439060591798315,"14815",255,29.1364339293606,46.668468112446,0.624328055061876,1,"SWE","PGA Tour",72,18.2593957760263,31.7914299591117,0.574349621879559,1,1
270,"Adam Svensson",0.441150154734135,"13997",244,29.8789209850847,51.0843477890361,0.584893852584283,1,"CAN","Web.com Tour",89,27.8789209850847,40.5634568362667,0.687291546615892,1,1
271,"Roger Sloan",0.446428762375376,"14050",248,35.6357345298361,58.674692679103,0.607344204165347,1,"CAN","Web.com Tour",104,33.6357345298361,48.258859214047,0.696985695012981,1,1
272,"Bernd Wiesberger",0.447646521033498,"9531",221,33.1389163346442,33.1389163346442,1,1,"AUT","European Tour",28,19.1944977510219,19.1944977510219,1,0,1
273,"Chase Wright",0.455907838458723,"16807",205,29.8978266329304,52.5566138187996,0.568868967395991,1,"USA","Web.com Tour",94,25.8978266329304,40.6727922033443,0.636735892226276,1,1
274,"Erik Compton",0.461200657306427,"6556",179,1.83056205210829,43.7842569752094,0.0418086814433039,0,"USA","Web.com Tour",74,1.52046211730913,37.8018306326066,0.0402219176125728,0,1
275,"David Drysdale",0.465994058725576,"6867",256,44.111944782197,44.111944782197,1,1,"SCO","European Tour",80,34.5068282439435,34.5068282439435,1,1,1
276,"David Hearn",0.469372459382275,"7340",242,37.7496798907334,43.2235531591511,0.8733590168244,1,"CAN","PGA Tour",73,27.6157504330168,32.6344229142269,0.846215375267991,1,1
277,"Cameron Tringale",0.470322399280941,"14013",242,41.7907583965689,47.1345112274244,0.886627596389579,1,"USA","PGA Tour",72,31.2309115885705,35.5176074212436,0.879307866044233,1,1
278,"Maverick McNealy",0.471053201317114,"18634",137,6.56906553758405,49.5654305369661,0.132533208456341,0,"USA","Web.com Tour",86,4.25428143713636,39.793978166401,0.10690766877709,0,1
279,"Jack Singh Brar",0.48307494717943,"17696",121,27.2139963953281,47.9411112514326,0.567654684777773,1,"ENG","European Challenge Tour",92,21.8125515038597,40.4748558236757,0.538916101366333,1,1
280,"Wade Ormsby",0.483940068607367,"7532",207,49.8480635765002,50.332099310246,0.990383160242091,1,"AUS","European Tour",82,37.4366354084389,37.4366354084389,1,1,1
281,"Chris Baker(Mar1986)",0.485639613917659,"13971",242,0,47.3324593720859,0,0,"USA","Web.com Tour",71,0,33.6978048753771,0,0,1
282,"Thomas Aiken",0.494084729375932,"7679",257,47.9341542609857,49.2213995753914,0.973847852244955,1,"RSA","European Tour",93,40.9276411241601,40.9276411241601,1,1,1
283,"Martin Flores",0.496797037454664,"10535",255,22.2768612012438,47.4566452871133,0.469415001133529,0,"USA","PGA Tour",71,12.4831592141369,33.0986577769247,0.377150013099314,0,1
284,"Greg Owen",0.498556835148195,"5723",84,1.84950261724704,2.63157806708877,0.702811229648638,1,"ENG","PGA Tour",0,0,0,NA,0,NA
285,"Wes Roach",0.503494939495936,"15720",243,23.6939517456252,51.5044517350973,0.460036966658536,0,"USA","Web.com Tour",94,19.4628168675404,38.2304106612122,0.50909253996811,1,1
286,"Sihwan Kim",0.506102953243172,"13307",204,20.8180936115698,43.4881440838316,0.478707336221086,0,"USA","Asian Tour",73,16.039238367071,32.8779265874809,0.487842149181583,0,1
287,"Nicholas Lindheim",0.507195617895781,"16713",212,26.0632094051866,33.1600222167512,0.785982869215947,1,"USA","PGA Tour",63,17.4231396925517,23.109867497512,0.753926421015937,0,1
288,"Akio Sadakata",0.509941966967281,"7416",103,0,14.9064273558812,0,0,"JPN","Japan Golf Tour",9,0,7.24629712802713,0,0,1
289,"Prom Meesawat",0.510150382441778,"7109",257,10.5063211176787,51.6266998689425,0.203505572588402,0,"THA","Asian Tour",79,6.766824122516,37.0774984783579,0.182504872233109,0,1
290,"Brendon Todd",0.510975400581099,"12425",70,17.3875981733184,18.3007425870381,0.950103422886983,1,"USA","PGA Tour",25,11.9581125516897,12.8712569654094,0.92905553698651,0,1
291,"Brandon Hagy",0.513045268267238,"18695",172,19.4737122782331,23.9374091476118,0.813526315991302,1,"USA","PGA Tour",35,13.4008426703785,17.2774774755161,0.775624953895547,0,1
292,"Yuta Ikeda",0.513847460703931,"8236",297,18.1804074830593,50.3731171553794,0.360914879001444,0,"JPN","Japan Golf Tour",79,9.83328220846638,34.0336664263569,0.288928089183219,0,1
293,"Seungsu Han",0.520214631840281,"8046",239,12.3591860650862,45.8759394292509,0.269404533593176,0,"USA","Japan Golf Tour",63,7.339508630336,29.9013972713147,0.245457045493222,0,1
294,"Austin Smotherman",0.521552448932412,"22985",128,0.0894843094140283,43.4785024466498,0.0020581276810035,0,"USA","PGA Tour Latinoamerica",67,0,34.5761679709103,0,0,1
295,"Soren Kjeldsen",0.524457595378875,"6149",248,41.6567008749993,41.6567008749993,1,1,"DEN","European Tour",83,33.7066043464066,33.7066043464066,1,1,1
296,"Tom Hoge",0.524620203586848,"15575",257,56.8849702737843,58.4933918318074,0.972502508272252,1,"USA","PGA Tour",88,42.8762360718801,42.8762360718801,1,1,1
297,"Zac Blair",0.529399113562463,"17639",278,19.5102438847366,53.8731180129089,0.362151748485425,0,"USA","PGA Tour",83,11.6421212359694,40.0442925707936,0.290731100203294,0,1
298,"Matt Every",0.531230037899563,"10185",197,30.070304714276,44.4058911685007,0.677169265676316,1,"USA","PGA Tour",64,17.4535476755508,31.7891341297755,0.549041304626251,0,1
299,"Clement Sordet",0.53184360703877,"17718",244,41.4821339123406,46.5803612295559,0.890549854431348,1,"FRA","European Challenge Tour",75,36.2024672460838,36.2024672460838,1,1,1
300,"Kalle Samooja",0.541279932017181,"14120",208,30.6672258973479,54.9388027509852,0.55820702967172,1,"FIN","European Challenge Tour",100,26.4507714082863,45.3268051301185,0.583556933526525,1,1
301,"Richie Ramsay",0.541782726215829,"11396",237,46.1789802046737,46.1789802046737,1,1,"SCO","European Tour",68,32.7479157865911,32.7479157865911,1,1,1
302,"Hyungjoon Lee",0.544525161802095,"15796",180,2.0545638483498,35.4204587727339,0.0580050038745227,0,"KOR","Korean Golf Tour",69,1.70478082067449,25.7949501145506,0.0660897118662325,0,1
303,"Matthew Southgate",0.546118148830821,"15191",263,50.5292685538741,51.4402276462996,0.98229092027568,1,"ENG","European Tour",96,43.4181208960152,43.4181208960152,1,1,1
304,"Oliver Wilson",0.553758277675998,"8300",175,23.9218733067965,41.4044155017005,0.577761405804992,1,"ENG","European Tour",84,22.1635032055916,38.0542244812501,0.582418995728369,1,1
305,"Gavin Green",0.554188770401248,"12530",265,49.2592978210592,54.3727002688589,0.905956437283504,1,"MAS","European Tour",85,37.6567630657722,38.8761951787583,0.968632935723802,1,1
306,"George McNeill",0.558912722861508,"6419",76,13.1410030449258,14.1094595515421,0.931361190478029,1,"USA","PGA Tour",27,11.0353898576402,11.8814835139882,0.928788887738486,0,1
307,"Brett Coletta",0.560165194624341,"18177",122,0.678162285344824,36.025422048357,0.0188245479660037,0,"AUS","PGA Tour Canada",72,0,32.8800951201222,0,0,1
308,"Zach Murray(AM)",0.565954113281785,"18155",56,9.3785124087551,21.4859661082777,0.436494796719516,0,"AUS","PGA Tour Australasia",26,5.3785124087551,15.4846437008263,0.34734492524798,0,1
309,"Anthony Wall",0.566108645619577,"5931",122,6.71136845462902,6.71136845462902,1,1,"ENG","European Tour",0,0,0,NA,0,NA
310,"Charlie Saxon",0.568996525493378,"21324",246,1.56748671887539,55.9246866962371,0.0280285292859917,0,"USA","Web.com Tour",87,1.56748671887539,43.386001082714,0.0361288590733917,0,1
311,"Stephan Jaeger",0.571364158306927,"16394",276,45.1269772742023,55.78731539426,0.808911075130269,1,"GER","Web.com Tour",95,36.8469007612384,43.1751919819028,0.85342760668402,1,1
312,"Harry Higgs",0.577204971881697,"14140",103,0,46.1628483227417,0,0,"USA","PGA Tour Latinoamerica",71,0,39.8002314674486,0,0,1
313,"Adilson da Silva",0.584631785345766,"5239",228,23.0940960223959,49.6615010592365,0.465030164812158,0,"BRA","Asian Tour",67,14.2639232376757,34.4630316620924,0.413890553144962,0,1
314,"Grayson Murray",0.585570735201987,"14655",244,38.5238122048623,39.137279759788,0.984325237760749,1,"USA","PGA Tour",54,27.6302756509893,27.6302756509893,1,0,1
315,"Wu Ashun",0.586577911665906,"11763",241,49.6725646187933,51.2312826178707,0.969574878483841,1,"CHN","European Tour",78,35.1333910566441,36.3528231696302,0.966455642047497,1,1
316,"Justin Walters",0.586605990572794,"8045",258,47.6218062351276,56.6963404443935,0.839944974611438,1,"RSA","European Tour",97,40.1553777527314,47.0113849220516,0.854162833520264,1,1
317,"Matthew Griffin",0.589351903528509,"9780",252,5.91464758466617,46.1192968116641,0.128246699181465,0,"AUS","Japan Golf Tour",74,4.82199383302086,32.6057237941429,0.147887955607569,0,1
318,"Boo Weekley",0.591050214982903,"7403",129,9.80583190050776,19.8622109710978,0.493692868068743,0,"USA","PGA Tour",22,6.71329650757971,16.7021493669311,0.401942071052932,0,1
319,"Benjamin Taylor",0.592967882245456,"19948",215,0.0241507968221275,45.7012782844603,0.00052844904406841,0,"ENG","Web.com Tour",79,0,37.3876781521057,0,0,1
320,"Matthew Nixon",0.598600448309764,"15184",204,27.8810504189021,32.68395623002,0.853050047634486,1,"ENG","European Challenge Tour",64,23.4765185550417,24.4035687212545,0.962011696862788,0,1
321,"Thongchai Jaidee",0.600361305473201,"5973",241,40.4577467877821,43.7797822409537,0.924119415786771,1,"THA","European Tour",65,29.7436218453155,32.1549783018374,0.925008300926637,0,1
322,"John Oda",0.600834038842722,"15953",78,3.95729567012289,35.7982850254668,0.110544280747183,0,"USA","Web.com Tour",60,2.443391003184,32.2843803585279,0.07568337927039,0,1
323,"Alex Cejka",0.601004978935228,"4425",216,39.4782018147181,40.2856359384446,0.979957270006606,1,"GER","PGA Tour",71,32.6273857583546,32.6273857583546,1,1,1
324,"Kevin Dougherty",0.601126439624698,"19738",130,2.21162226075248,46.7202484196311,0.0473375535354215,0,"USA","Web.com Tour",85,1.78468392854116,39.2243019093071,0.0454994440096762,0,1
325,"David Horsey",0.605030380527366,"11230",241,46.1187216588512,46.1187216588512,1,1,"ENG","European Tour",80,36.9135770352673,36.9135770352673,1,1,1
326,"Haydn Porteous",0.605848680967124,"15866",278,57.3183463190452,57.5059965368996,0.996736858255573,1,"RSA","European Tour",95,42.5246793342908,42.5246793342908,1,1,1
327,"Martin Trainer",0.613490951913898,"15634",163,29.8475587204483,45.9146833107751,0.650065655869258,1,"USA","Web.com Tour",85,27.8475587204483,39.9220356496887,0.697548566030236,1,1
328,"Ted Potter Jr",0.614542927938575,"8769",264,48.9379261089889,53.225202152577,0.919450262841688,1,"USA","PGA Tour",90,41.1747943175119,41.1747943175119,1,1,1
329,"K.J. Choi",0.615684143098962,"1804",176,20.4191431827203,26.7713126485181,0.762724766275163,1,"KOR","PGA Tour",28,12.2108973194717,17.4524553864405,0.699666439425987,0,1
330,"Stephen Gallacher",0.616490448905711,"5647",227,46.7794342091272,46.7794342091272,1,1,"SCO","European Tour",79,36.9615180289208,36.9615180289208,1,1,1
331,"Junggon Hwang",0.622986361710771,"14936",267,0.349783027675308,44.0187695884653,0.00794622455251375,0,"KOR","Japan Golf Tour",80,0,29.803624973681,0,0,1
332,"Robert Streb",0.623098333000308,"14852",266,50.0346058609065,54.9893570173298,0.909896179457749,1,"USA","PGA Tour",97,38.5854375777175,43.5401887341408,0.886202809393471,1,1
333,"Paul Peterson",0.623350365557085,"16341",245,30.5769518485755,45.7257057887395,0.668703770037935,1,"USA","European Tour",63,18.9526021475161,30.6950891592575,0.61744737241788,0,1
334,"Sepp Straka",0.628675789232932,"17511",231,27.4462487275878,52.8350320569764,0.519470655340765,1,"AUT","Web.com Tour",96,25.230038973751,41.2543293440345,0.611573121534682,1,1
335,"Louis de Jager",0.630249561050467,"12821",227,27.8057160794325,50.0829178399022,0.555193612487151,1,"RSA","Sunshine Tour",69,21.6380036714907,34.9815607731054,0.618554552549481,1,1
336,"Brendan Jones",0.631749117711287,"6254",222,0,39.1793033381808,0,0,"AUS","Japan Golf Tour",63,0,26.0889637299574,0,0,1
337,"Colt Knost",0.650882993610173,"12149",81,12.2844270579563,12.5847976454335,0.976132267205254,1,"USA","PGA Tour",6,4.45636148725652,4.45636148725652,1,0,1
338,"Rob Oppenheim",0.651229318460645,"8002",253,13.9604955794876,48.1889299234902,0.289703373817447,0,"USA","Web.com Tour",74,7.8759906954569,35.2132534647172,0.22366552137389,0,1
339,"Daniel McCarthy",0.651231199198046,"11594",182,0.221702964717464,42.3784827180112,0.00523149840433618,0,"USA","Web.com Tour",75,0,35.3480279728301,0,0,1
340,"Jaco Ahlers",0.651423444764986,"11852",212,10.4688771553035,44.2205548568404,0.236742329199519,0,"RSA","Sunshine Tour",62,6.61162741878607,34.8783994094532,0.189562237107535,0,1
341,"J.J. Henry",0.654129896946076,"6222",222,38.8020244628015,42.9795220645927,0.902802604563332,1,"USA","PGA Tour",73,25.6342285147488,29.81172611654,0.859870656752295,1,1
342,"Kazuki Higa",0.662292754767142,"15756",120,0,48.7075948419582,0,0,"JPN","Japan Golf Tour",88,0,43.0469294828252,0,0,1
343,"Dean Burmester",0.667448218022064,"14424",269,48.8051170137967,53.645256039597,0.909775078299045,1,"RSA","European Tour",81,37.0078385340519,39.8690441464043,0.928234908219881,1,1
344,"Wade Binfield",0.673561735032838,"18435",139,0.0701327332771128,37.5645495879805,0.00186699252477003,0,"USA","PGA Tour Canada",64,0,30.4366888513164,0,0,1
345,"Sebastian Cappelen",0.674949744781967,"14776",216,0.0562474435607483,42.8702263127696,0.0013120398094095,0,"DEN","Web.com Tour",79,0,33.2406470491064,0,0,1
346,"Mark Hubbard",0.678237435759522,"16333",226,3.16479694530713,47.0093780410225,0.0673226721388526,0,"USA","Web.com Tour",79,0,34.2367244105248,0,0,1
347,"Steve LeBrun",0.678931685156903,"7099",101,0,25.8777382520526,0,0,"USA","Web.com Tour",26,0,19.7439866607916,0,0,1
348,"Shubhankar Sharma",0.679165033508123,"17081",236,47.6358728682907,57.6982145148188,0.825603933654761,1,"IND","Asian Tour",96,40.7400750313977,47.0467908926373,0.865948011722377,1,1
349,"Jens Fahrbring",0.682297888903508,"13445",135,5.85724589685812,8.39583553832976,0.697637045189589,1,"SWE","European Tour",12,0.84609365634794,2.70105413841231,0.313245722962546,0,1
350,"Miguel Tabuena",0.686107144162256,"15274",186,8.91128716114099,31.3379654121239,0.284360744035202,0,"PHI","Asian Tour",48,1.82558483361297,19.5653976883106,0.0933068094344774,0,1
351,"Zack Sucher",0.696633662838437,"14036",126,5.12398912693336,24.0681476227162,0.212895034850841,0,"USA","Web.com Tour",22,0,18.0096412979232,0,0,1
352,"Marcus Kinhult",0.696703885878879,"18514",239,39.9485225739381,44.6964858437657,0.893773231156833,1,"SWE","European Challenge Tour",79,34.8006338545523,34.8006338545523,1,1,1
353,"Tyler Duncan(Jul1989)",0.69751363812304,"18187",278,55.7385922309302,60.4724982084788,0.921718035176445,1,"USA","PGA Tour",101,47.6673372825856,47.6673372825856,1,1,1
354,"Curtis Luck",0.697785337302269,"16842",208,31.9632175338496,54.1679664069475,0.59007601086073,1,"AUS","Web.com Tour",96,27.0173852989368,42.9457708987272,0.629104676282281,1,1
355,"Davis Love III",0.701134587333875,"3464",102,24.0689387768176,26.6019435333648,0.904781214448854,1,"USA","PGA Tour",41,19.259391096368,21.7923958529152,0.883766577404186,0,1
356,"Tyrone van Aswegen",0.70336240605697,"9913",275,34.7510135560702,51.8538758816562,0.670171958512433,1,"RSA","PGA Tour",79,20.0921441094799,37.1950064350659,0.54018391271302,1,1
357,"Jamie Arnold",0.708087726858885,"10861",209,0.419921708779544,49.9389970442827,0.00840869327846501,0,"AUS","Web.com Tour",76,0,35.4765300961374,0,0,1
358,"Will Wilcox",0.710579873878494,"14696",149,1.49288528850121,39.4574818878907,0.0378352904714725,0,"USA","Web.com Tour",64,0,29.526254450605,0,0,1
359,"Charlie Danielson",0.716183693574741,"21310",74,0.336028814074976,3.52265345756379,0.0953908234582257,0,"USA","PGA Tour Canada",0,0,0,NA,0,NA
360,"Sebastian Soderberg",0.723769932664804,"18517",217,27.1145237325665,49.5587791194894,0.547118476570855,1,"SWE","European Challenge Tour",90,22.4687046931731,40.7685501511765,0.551128372479654,1,1
361,"Brady Schnell",0.728487090209387,"12414",244,22.1204250397598,52.5228835319348,0.421157856390543,0,"USA","Web.com Tour",91,20.1204250397598,41.252574044941,0.487737444403843,0,1
362,"Matthew NeSmith",0.729844717397685,"16433",95,0.059434240340369,36.021529840473,0.00164996435752682,0,"USA","Web.com Tour",66,0,31.632429473108,0,0,1
363,"Ryan Brehm",0.730483593887757,"10423",241,3.60095048012911,40.7292608966177,0.0884118788521434,0,"USA","Web.com Tour",67,0,28.8021666667679,0,0,1
364,"Takumi Kanaya(Am)",0.73411588705057,"19729",48,4.87919930692537,15.2037485133544,0.3209208112486,0,"JPN","Japan Golf Tour",16,4.87919930692537,9.39245500113526,0.519480722168551,0,1
365,"Drew Weaver",0.736014709493047,"12416",126,0,33.842981133238,0,0,"USA","Web.com Tour",48,0,27.3356136369361,0,0,1
366,"Berry Henson",0.740473412904217,"10316",110,16.4293079739112,41.9660379608882,0.391490566472419,0,"USA","Asian Tour",76,11.8413285803972,34.8145085620229,0.340126259697206,0,1
367,"Atomu Shigenaga",0.741440480214243,"10719",194,0,33.3516861928289,0,0,"JPN","Japan Golf Tour",54,0,22.4088811570839,0,0,1
368,"Johannes Veerman",0.742106160275263,"20522",223,13.4606097301578,42.933612242857,0.313521481817483,0,"USA","Asian Tour",70,9.27390027892448,32.5838610457339,0.284616370844078,0,1
369,"Chikkarangappa S",0.742218480593083,"15817",202,15.4404443981854,51.6729975226949,0.298810696851946,0,"IND","Asian Tour",90,14.0929537446415,43.2595626513938,0.325776611710322,0,1
370,"Robert MacIntyre",0.744885303363727,"23323",134,26.3810155039628,50.740011028151,0.519925300948918,1,"SCO","European Challenge Tour",107,25.9481065258396,47.8961737834696,0.541757398892582,1,1
371,"Tapio Pulkkanen",0.746450274697704,"13139",223,47.6741750940797,52.3742533238022,0.910259756818596,1,"FIN","European Challenge Tour",84,39.0929786736976,39.0929786736976,1,1,1
372,"Ricky Barnes",0.747595251782381,"6846",237,23.7953606666429,40.1853973589203,0.592139489230677,1,"USA","PGA Tour",63,14.9998640992559,28.7887457554551,0.521032219558004,0,1
373,"Richard Hoey",0.751214473961075,"23504",135,0,44.3531875063089,0,0,"USA","Web.com Tour",83,0,36.7668001295395,0,0,1
374,"Zack Fischer",0.751431287761996,"17273",128,3.54117124,11.247297088067,0.314846421524427,0,"USA","Web.com Tour",12,3.54117124,7.42478986188795,0.476938917581644,0,1
375,"Nick Cullen",0.753507309128162,"14247",228,26.4778584776942,38.5201697259072,0.687376474872752,1,"AUS","European Challenge Tour",65,25.1939016073771,29.5199930209347,0.853452153241039,0,1
376,"Jake McLeod",0.754996151115855,"17146",149,21.8671399851185,38.8625867103268,0.562678448249248,1,"AUS","PGA Tour Australasia",62,19.3610597010534,31.4117721561509,0.616363177626774,0,1
377,"Chan Kim",0.761382941200055,"15004",133,0.697093283995234,12.7800040743499,0.0545456229857028,0,"USA","Japan Golf Tour",4,0,3.14830237827358,0,0,1
378,"Jose de Jesus Rodriguez",0.763277188510989,"12855",208,29.1657017963203,51.280172518668,0.568752021762463,1,"MEX","PGA Tour Latinoamerica",88,26.9740761934618,40.6051869176285,0.664301244276533,1,1
379,"Sangmoon Bae",0.763662073172915,"10081",95,29.3003835075042,34.6438192150629,0.845760778441098,1,"KOR","PGA Tour",58,23.0268415157953,28.2200919296154,0.815973299209205,0,1
380,"Taylor Moore",0.765399548676849,"21944",219,0.570628691053931,31.1503366838182,0.0183185400801898,0,"USA","Web.com Tour",54,0,21.0337772936416,0,0,1
381,"Matthieu Pavon",0.771688126555524,"19960",263,50.8181268384387,51.6127688937278,0.984603770107253,1,"FRA","European Tour",82,37.6958187679043,37.6958187679043,1,1,1
382,"Adrian Meronk",0.772230584283556,"14196",152,3.46280224195917,38.5950867544382,0.0897213229235965,0,"POL","European Challenge Tour",74,2.23554204262558,28.7393296162204,0.0777868541987091,0,1
383,"Scott Hend",0.773558648841222,"1888",330,52.9673236907985,61.1840388406301,0.865704923938836,1,"AUS","European Tour",97,39.1420670994694,44.4580082967494,0.880427814899016,1,1
384,"Peter Hanson",0.78650425553269,"6850",167,31.0814936829416,31.0814936829416,1,1,"SWE","European Tour",61,26.4892603929625,26.4892603929625,1,0,1
385,"Calum Hill(Nov1994)",0.797572436030006,"25131",58,4.2172116067925,26.0574710699236,0.161842705129592,0,"SCO","European Challenge Tour",54,4.2172116067925,22.0574710699236,0.191191981774505,0,1
386,"Yuki Inamori",0.798259409979101,"16165",258,5.88046462440409,46.3806672169152,0.12678697779189,0,"JPN","Japan Golf Tour",79,5.88046462440409,32.2532692539854,0.182321506018416,0,1
387,"Taehee Lee",0.806533813476493,"11156",186,4.56598643302681,37.7342186529292,0.121003868531736,0,"KOR","Korean Golf Tour",64,4.56598643302681,28.4052173740201,0.160744639722523,0,1
388,"John Catlin",0.807649487984318,"18524",265,33.1499792257894,64.6090858937562,0.513085408456352,1,"USA","Asian Development Tour",109,29.1499792257894,50.7457362296723,0.574432088123784,1,1
389,"Seth Reeves",0.810943710928008,"19643",232,27.3049550083059,53.3253651893609,0.51204440722243,1,"USA","Web.com Tour",101,25.3049550083059,43.6784701934133,0.5793461835145,1,1
390,"Mikko Ilonen",0.813111098313686,"6929",176,16.6395520675467,18.9725450127098,0.877033210694708,1,"FIN","European Tour",30,8.41621570744182,10.3418845950887,0.813799035374908,0,1
391,"Younghan Song",0.814316265714347,"16160",298,1.2883986219619,35.7445446438263,0.0360446226074511,0,"KOR","Japan Golf Tour",72,0,23.3435941105133,0,0,1
392,"Robert Garrigus",0.815879681760365,"6789",209,29.1471129887373,34.1451239650891,0.853624459484701,1,"USA","PGA Tour",66,20.2767099965654,25.2747209729172,0.802252575539514,0,1
393,"Steve Wheatcroft",0.816159842807938,"10292",207,13.3852082606528,40.8339601984638,0.3277959863701,0,"USA","PGA Tour",66,7.53659895934539,30.9733018073461,0.24332565530866,0,1
394,"Scott Harrington",0.817339410862987,"8479",195,0,31.4364170553838,0,0,"USA","Web.com Tour",31,0,19.8600765871394,0,0,1
395,"Corey Pereira",0.820803766254917,"19955",112,0,37.0667866222276,0,0,"USA","PGA Tour Canada",68,0,30.3506566645997,0,0,1
396,"Callum Tarren",0.825600359717144,"20519",192,1.552565136562,52.24328583643,0.0297179840759437,0,"ENG","PGA Tour China",99,1.33611064750038,44.5480135783652,0.0299925976530918,0,1
397,"Rhein Gibson",0.826810353421754,"13342",292,3.09140232980316,61.8145380618436,0.0500109266643764,0,"AUS","Web.com Tour",99,2.0466243890391,46.1209042097752,0.0443752008791998,0,1
398,"Anton Karlsson",0.832660469638398,"20405",179,16.7225051695542,35.4706877586938,0.471445754965818,0,"SWE","European Challenge Tour",70,14.5879620355341,30.4068630646999,0.47975886248094,0,1
399,"T.J. Vogel",0.832782013239971,"17280",164,4.50200899720509,33.7408477084762,0.1334290423318,0,"USA","PGA Tour Canada",48,3.35862416345864,26.3846804180289,0.127294479608844,0,1
400,"Renato Paratore",0.833090185854273,"16549",254,49.3362575147794,49.3362575147794,1,1,"ITA","European Tour",78,37.5629812743924,37.5629812743924,1,1,1
401,"Grant Forrest",0.83466213901069,"16475",196,27.4232868780021,49.3918927749264,0.555218383773367,1,"SCO","European Challenge Tour",88,22.8936673518507,39.0783392128716,0.585840335412974,1,1
402,"Wil Besseling",0.835011068635536,"9413",173,0.533750617036518,29.8594169546204,0.0178754534238796,0,"NED","European Challenge Tour",66,0,22.3097468066584,0,0,1
403,"Jinho Choi",0.841956250738379,"7024",217,33.6920701752884,44.8578962173318,0.75108449161445,1,"KOR","Korean Golf Tour",72,27.5696003478338,30.2721111944913,0.910726053122146,1,1
404,"Greyson Sigg",0.844701469944396,"23482",92,0.395104335790673,15.9041057653875,0.0248429142524032,0,"USA","PGA Tour Canada",44,0,12.7987016495828,0,0,1
405,"Ricardo Gouveia",0.847397318231845,"18722",251,47.4991610706021,47.4991610706021,1,1,"POR","European Tour",76,36.3488662705917,36.3488662705917,1,1,1
406,"Adrien Saddier",0.84942834151572,"14792",249,36.8574512688327,41.6843302097334,0.884203994244016,1,"FRA","European Challenge Tour",75,32.6679419165058,32.6679419165058,1,1,1
407,"Michael Gellerman",0.854712006582652,"19909",159,0,40.4508215953479,0,0,"USA","Web.com Tour",68,0,32.6361569508943,0,0,1
408,"Tim Wilkinson",0.855747682622153,"7097",228,6.26439578932393,48.1937758056601,0.129983502736638,0,"NZL","Web.com Tour",81,3.31646806591765,38.857090962058,0.085350395096638,0,1
409,"Cameron John",0.856404029734141,"19390",68,2.41099691651043,25.3433122914912,0.0951334572521487,0,"AUS","PGA Tour Australasia",46,2.41099691651043,22.9518827118461,0.105045714409565,0,1
410,"Hunter Stewart",0.856487951083803,"18294",104,4.76418673437715,19.45252301578,0.244913563680784,0,"USA","PGA Tour Canada",48,4.76418673437715,16.2863490264634,0.292526380629318,0,1
411,"JC Ritchie",0.857474962368174,"18174",191,10.0159421744971,43.8723744967269,0.228297243752884,0,"RSA","Sunshine Tour",63,7.98104542870122,34.4463071486724,0.231695240777321,0,1
412,"Jarin Todd",0.857569947591814,"14821",176,13.4410672153833,38.3946092954117,0.350076936894097,0,"USA","Asian Tour",58,11.8852840249593,26.9845775592462,0.440447288784286,0,1
413,"Blayne Barber",0.85969434157678,"15608",212,19.1461206994012,42.550642565412,0.449960788957967,0,"USA","PGA Tour",70,11.8471979378307,31.2517198038415,0.379089471305654,0,1
414,"Won Joon Lee",0.861462253888807,"10713",178,0,36.8169888200478,0,0,"AUS","Japan Golf Tour",65,0,28.1290951187304,0,0,1
415,"Shaun Norris",0.861842501482083,"7677",298,22.0137458627889,59.8378914868597,0.367889732004061,0,"RSA","Japan Golf Tour",98,16.7886464350183,45.3404285357863,0.37027983583718,0,1
416,"Chris Wood",0.862895280780422,"12451",200,30.1368592360791,30.1368592360791,1,1,"ENG","European Tour",56,21.7078508186203,21.7078508186203,1,0,1
417,"Jared Wolfe",0.86607839581887,"18164",179,0,45.4653073255421,0,0,"USA","PGA Tour Latinoamerica",82,0,35.8367176220885,0,0,1
418,"Gavin Moynihan",0.868638947958524,"17585",187,23.3070934075378,39.1541448724152,0.59526503473603,1,"IRL","European Challenge Tour",67,20.6246238526363,31.1130582567924,0.662892849761359,1,1
419,"Connor Syme",0.871220778190286,"22089",119,28.3834186916622,36.775671939921,0.771798778769592,1,"SCO","European Tour",65,23.8604407955564,27.7404407955564,0.860131999033645,0,1
420,"Alejandro Canizares",0.874867168951007,"11509",182,32.4074436208222,33.0171596773152,0.981533358336939,1,"ESP","European Tour",53,25.7377533667338,26.3474694232269,0.976858648293731,0,1
421,"Shingo Katayama",0.875006383595757,"3770",192,0.0529232196463081,33.1226533124931,0.00159779529577562,0,"JPN","Japan Golf Tour",54,0,21.6042400391091,0,0,1
422,"Meenwhee Kim",0.879988642041685,"11702",243,46.4468607882475,46.941466418949,0.989463353652245,1,"KOR","PGA Tour",84,35.5146312266024,35.5146312266024,1,1,1
423,"Y.E. Yang",0.88050272267259,"6629",183,5.35241338086927,39.4402886616759,0.135709285162261,0,"KOR","Japan Golf Tour",77,3.0855878679673,30.8654997236494,0.0999688291326478,0,1
424,"Marcus Fraser",0.883076741861773,"7070",211,30.8969475003309,41.918771433641,0.737067104870712,1,"AUS","European Tour",65,21.5051942742039,31.1328992594358,0.690754628889442,0,1
425,"Billy Hurley III",0.886916960757396,"11046",206,27.6562338310221,27.6740432112825,0.999356459042706,1,"USA","PGA Tour",43,17.4962615535727,17.4962615535727,1,0,1
426,"Retief Goosen",0.887216271590647,"4884",132,14.963532661438,14.963532661438,1,1,"RSA","PGA Tour",20,7.00350942453237,7.00350942453237,1,0,1
427,"Vince Covello",0.889537764703327,"11441",181,0,39.2769487324282,0,0,"USA","Web.com Tour",72,0,29.4100588884272,0,0,1
428,"Taihei Sato",0.889800973898077,"14371",79,0,30.5959129656188,0,0,"JPN","PGA Tour China",53,0,23.7913196161418,0,0,1
429,"John Senden",0.893561078752239,"5207",159,32.2010942489385,38.1249848707924,0.844619200717581,1,"AUS","PGA Tour",62,25.6176104394234,31.1186198780874,0.823224504807246,0,1
430,"David Coupland",0.894943719899379,"12427",135,0.0234262729174636,21.1945143399316,0.00110529887789536,0,"ENG","EuroPro Tour",52,0,18.1234483690719,0,0,1
431,"Alexandre Rocha",0.902560459630094,"7441",154,0,27.2309285594104,0,0,"BRA","Web.com Tour",26,0,17.4874147668739,0,0,1
432,"Sanghee Lee",0.903042537630843,"13923",250,0.0234262729174636,40.1025571192867,0.000584159081122463,0,"KOR","Japan Golf Tour",80,0,28.5021711142128,0,0,1
433,"Brandon Stone",0.904791635334,"15229",253,47.5392190947303,48.9397722469833,0.971382107272897,1,"RSA","European Tour",85,37.896553517493,38.9945184902985,0.971843094483174,1,1
434,"Kyle Jones",0.908024756825533,"19867",177,28.0498141574723,53.1710321321893,0.527539395656968,1,"USA","Web.com Tour",105,26.0498141574723,46.5072451934896,0.560123783919993,1,1
435,"Bryce Molder",0.9127636972883,"7292",101,3.02091072409223,3.02091072409223,1,1,"USA","PGA Tour",0,0,0,NA,0,NA
436,"Jeff Gove",0.917077100931553,"6390",78,0.389787089687493,3.01330877718679,0.129355176820411,0,"USA","Web.com Tour",0,0,0,NA,0,NA
437,"Brett Drewitt",0.917448418796374,"15162",250,3.8053790321817,48.8741731027184,0.0778607348339985,0,"AUS","Web.com Tour",80,1.60402827417263,37.736977221186,0.0425054785064265,0,1
438,"Chris Thompson",0.917532783714152,"11983",155,18.0106522077493,45.5517259688412,0.395389018191521,0,"USA","Web.com Tour",86,16.0106522077493,38.0062671732323,0.421263475699228,0,1
439,"Hideto Tanihara",0.917683764328631,"7046",261,47.8753520458989,49.9915342206935,0.957669189238073,1,"JPN","European Tour",80,38.1634577476811,38.1634577476811,1,1,1
440,"Max McGreevy",0.918152752990041,"23505",100,0,23.9740208908998,0,0,"USA","Web.com Tour",50,0,20.011358684651,0,0,1
441,"Prayad Marksaeng",0.919620468861087,"3990",198,6.62224472812209,43.8017789792919,0.151186661419685,0,"THA","Japan Golf Tour",58,5.100880112658,31.8613857911503,0.160095990365705,0,1
442,"John Chin",0.920303757123727,"14797",222,21.6197181674552,42.8110819718211,0.505002844396355,1,"USA","Web.com Tour",76,19.5680005978515,32.1167352090891,0.609277389823662,1,1
443,"Shota Akiyoshi",0.920477439048145,"13528",171,1.06632195138831,35.7922313919389,0.0297919942378464,0,"JPN","Japan Golf Tour",67,1.06632195138831,25.2284023916889,0.0422667252104553,0,1
444,"Ewen Ferguson",0.921831889169591,"21646",133,6.65744026249096,38.0644767023966,0.174899035511285,0,"SCO","European Challenge Tour",82,6.36516562419985,30.5493298033956,0.208356964462518,0,1
445,"Gunn Charoenkul",0.922557544233984,"14128",211,0,51.1123263936042,0,0,"THA","Japan Golf Tour",88,0,41.7305111283137,0,0,1
446,"Michael Hoey",0.926381112742593,"7303",194,15.129505312289,40.8823315582391,0.370074424222509,0,"NIR","European Challenge Tour",73,13.1685952485332,30.3055336359325,0.434527746870609,0,1
447,"Niklas Lemke",0.928033799230672,"10418",146,18.4080353906864,41.1968548926697,0.446831085495359,0,"SWE","European Challenge Tour",82,16.2178253589848,35.1196790291774,0.461787402598726,0,1
448,"Armando Favela",0.928265539252915,"14568",138,1.86789882101749,18.4165875703051,0.101424805973789,0,"MEX","Web.com Tour",47,1.86789882101749,14.2730729508665,0.130868722345042,0,1
449,"Chris Naegel",0.928697521364959,"17345",141,0.985280227667984,16.9583628275321,0.0580999615168257,0,"USA","Web.com Tour",41,0.985280227667984,13.3909452871214,0.0735780937448508,0,1
450,"Justin Hueber",0.9303506694118,"18590",212,0,31.4681255744713,0,0,"USA","Web.com Tour",63,0,22.7131717362735,0,0,1
451,"Zach Wright",0.938405842404995,"21553",107,1.38447535593088,38.6909536700589,0.0357829214481797,0,"USA","Web.com Tour",80,1.18284914959653,37.4962968760332,0.0315457591320859,0,1
452,"Miguel A Jimenez",0.939775423710839,"3596",69,10.2063189960195,10.2063189960195,1,1,"ESP","European Tour",19,7.76003993522427,7.76003993522427,1,0,1
453,"Satoshi Kodaira",0.942712338640363,"13531",294,43.4670108143431,56.27535104195,0.772398750243975,1,"JPN","Japan Golf Tour",88,39.9466907471981,44.0889998031395,0.906046653940051,1,1
454,"Dimi Papadatos",0.944439973739126,"15168",197,14.1307890121691,44.1165617188024,0.320305764130902,0,"AUS","European Challenge Tour",90,11.5001693288528,36.8690958242413,0.311918941101113,0,1
455,"Daniel van Tonder",0.946133732756721,"15193",213,10.0524782278867,52.0852200825805,0.193000590416026,0,"RSA","Sunshine Tour",73,4.22082293092882,38.8791546904354,0.108562620883504,0,1
456,"Matt Davidson",0.946786414108093,"9872",83,0,2.62393804878062,0,0,"USA","Web.com Tour",0,0,0,NA,0,NA
457,"Cameron Wilson",0.951633323518215,"16248",107,0.985280227667984,4.65284609877643,0.211758611127732,0,"USA","Web.com Tour",4,0.985280227667984,0.985280227667984,1,0,1
458,"J.T. Griffin",0.952405947610382,"15609",46,0.410355423328751,19.3723769458797,0.0211825025124772,0,"USA","Web.com Tour",40,0.410355423328751,15.3545675656193,0.0267252999197181,0,1
459,"Nick Voke",0.953557942351977,"24091",84,0,32.8238257169571,0,0,"NZL","PGA Tour Australasia",58,0,25.7963127727605,0,0,1
460,"Chad Campbell",0.955371519812434,"6248",251,29.7895470448848,42.3669924997682,0.703131029304188,1,"USA","PGA Tour",71,19.4524015632509,32.0298470181343,0.607321088740684,1,1
461,"Lee Slattery",0.95539867203952,"6866",249,47.76396809385,47.8844188226108,0.997484552768469,1,"ENG","European Tour",84,38.1026225584519,38.1026225584519,1,1,1
462,"Angelo Que",0.956996316088712,"7438",244,6.84944144313352,47.4359674817657,0.14439341720534,0,"PHI","Japan Golf Tour",83,5.31711367708393,34.3880361520609,0.154621033128269,0,1
463,"Harrison Endycott",0.958463948399943,"19208",114,4.23569454021802,45.2094821270936,0.0936904016796866,0,"AUS","PGA Tour Latinoamerica",66,4.02573368582825,36.0634028691079,0.111629335158406,0,1
464,"Bhavik Patel",0.958850255122622,"16107",152,0,33.6042557682089,0,0,"USA","Web.com Tour",64,0,25.8426736775888,0,0,1
465,"Chad Ramey",0.962880276035947,"19840",147,1.75750600069535,43.7783504885427,0.0401455509648614,0,"USA","Web.com Tour",73,1.75750600069535,33.4408596781447,0.0525556465237637,0,1
466,"Hiroshi Iwata",0.963958345833229,"9099",236,1.22168239486107,43.1980491794776,0.0282809621745942,0,"JPN","Japan Golf Tour",72,0,30.9628490089524,0,0,1
467,"Derek Fathauer",0.970471467809086,"12689",225,32.7035220988006,42.6884913955654,0.766096927524544,1,"USA","PGA Tour",66,21.1604191445968,31.1453884413616,0.679407777637327,0,1
468,"Oliver Fisher",0.972125272038241,"10863",242,43.3811647966629,43.3811647966629,1,1,"ENG","European Tour",73,33.7324034094942,33.7324034094942,1,1,1
469,"Eirik Tage Johansen",0.972181857727017,"11317",158,5.07583148624219,24.9282790056871,0.203617405159987,0,"NOR","European Challenge Tour",64,4.46395388929089,20.5786177716645,0.216921949706334,0,1
470,"Raphael Jacquelin",0.974917411658907,"5784",222,47.6324311152505,47.6324311152505,1,1,"FRA","European Tour",82,39.6971210669643,39.6971210669643,1,1,1
471,"Timothy Madigan",0.975409347158178,"18535",179,0,34.1871346442824,0,0,"USA","Web.com Tour",64,0,30.2698965468636,0,0,1
472,"Matthew Baldwin",0.976205347506886,"13344",193,21.8697777992164,38.5562864825412,0.567216913099745,1,"ENG","European Tour",58,17.8108818459977,26.2068129217083,0.679627923441394,0,1
473,"Poom Saksansin",0.97734031296952,"14951",263,11.6923717321396,60.0096178731596,0.194841629501014,0,"THA","Asian Tour",102,6.766824122516,47.9649254224981,0.141078591552276,0,1
474,"Michael Gligic",0.983385781146845,"13404",165,0.591424574798265,40.8704003894007,0.0144707311199144,0,"CAN","PGA Tour Canada",72,0.591424574798265,35.3987443221867,0.0167075015264759,0,1
475,"Dylan Meyer",0.983642795743586,"23606",64,10.6275022885502,26.0653283408706,0.407725624997642,0,"USA","PGA Tour",52,9.87010008761067,23.0995163023423,0.427286007136428,0,1
476,"Morgan Hoffmann",0.983776985688285,"14082",158,22.0432845657993,24.5762893223465,0.896932985963672,1,"USA","PGA Tour",24,15.6633234733749,18.196328229922,0.860795830645554,0,1
477,"Robin Roussel",0.985341414897031,"21507",170,1.665944009858,41.943905558093,0.0397183807204277,0,"FRA","European Challenge Tour",77,1.665944009858,33.7832162056096,0.0493127711618344,0,1
478,"Gregory Havret",0.988355150684328,"6239",223,30.0934966069618,35.9734966069618,0.836546331199229,1,"FRA","European Tour",58,20.2797755637627,24.1597755637627,0.839402481626542,0,1
479,"Gonzalo Fdez-Castano",0.993858770945715,"8262",246,32.8908094698387,44.2715435256399,0.742933425187445,1,"ESP","Web.com Tour",88,29.3804602180341,35.9955208925285,0.816225449431752,1,1
480,"Camilo Villegas",0.99839409168013,"9171",152,8.5954518235248,8.71969214522228,0.985751753659611,1,"COL","PGA Tour",0,0,0,NA,0,NA
481,"Panuphol Pittayarat",0.998614632873673,"14133",220,13.2012440374794,46.436065308192,0.284288600893808,0,"THA","Asian Tour",68,6.09349294134196,32.9644095314911,0.184850662515912,0,1
482,"John Peterson",1.00484293790353,"15611",97,7.27331437193598,13.5130212254639,0.538244871415592,1,"USA","PGA Tour",26,4.00335082451379,7.53543155560236,0.531270278944731,0,1
483,"James Morrison",1.00611085353059,"11061",260,52.3563841856568,52.3563841856568,1,1,"ENG","European Tour",85,38.4024809742152,38.4024809742152,1,1,1
484,"Liang Wen-chong",1.00813733199239,"6470",189,14.1320197800522,35.6209141762085,0.396733775841471,0,"CHN","Japan Golf Tour",53,7.70100724053286,23.4071796019437,0.329001928959155,0,1
485,"Brock MacKenzie",1.00893598355797,"9167",118,0,29.189653205089,0,0,"USA","Web.com Tour",52,0,23.4347727984674,0,0,1
486,"Vijay Singh",1.01125165605506,"653",135,19.1452674228253,20.6981416684791,0.924975185186859,1,"FIJ","PGA Tour",32,14.3829393358418,15.6023714488279,0.921843155895528,0,1
487,"Laurie Canter",1.01375333690022,"14795",187,25.6966484183402,33.6663365503736,0.763274268938983,1,"ENG","European Tour",55,18.9159892060813,21.7771948184336,0.868614592641178,0,1
488,"Marty Dou Zecheng",1.01541531263237,"16757",207,8.47075109387659,31.2571779913711,0.271001787052403,0,"CHN","Web.com Tour",40,4.23541583976568,20.442056182965,0.20719128261154,0,1
489,"Oliver Bekker",1.01582612896553,"12819",243,9.80765356362935,56.2136864169215,0.174470919606458,0,"RSA","Sunshine Tour",87,7.58333603561408,43.3570273696321,0.174904427163878,0,1
490,"Scott Vincent",1.01838202609278,"14559",286,34.8050763000814,60.4923078911797,0.575363670413975,1,"ZIM","Asian Tour",97,25.8711277203462,44.838766062363,0.576981259572664,1,1
491,"Cody Blick",1.01977549845695,"21876",151,0,39.7794384961407,0,0,"USA","PGA Tour Canada",74,0,35.9030736005595,0,0,1
492,"Vince India",1.02181207957543,"15793",184,1.24010054183496,42.0386517598455,0.0294990559858888,0,"USA","Web.com Tour",61,0.556471382427687,32.8886725452348,0.0169198492782681,0,1
493,"Seungtaek Lee",1.02272894131213,"16162",188,0,37.9079863919993,0,0,"KOR","Korean Golf Tour",73,0,28.2291325741802,0,0,1
494,"Wesley Bryan",1.02819338474354,"21236",209,19.5294969318013,20.2200350849062,0.965848815286161,1,"USA","PGA Tour",36,10.5991791305456,10.5991791305456,1,0,1
495,"Trevor Immelman",1.03051914784421,"5935",108,29.3759867470863,29.400884475769,0.999153163956577,1,"RSA","European Tour",52,26.1249314276203,26.1249314276203,1,0,1
496,"Guido Migliozzi",1.03249371504253,"17357",108,26.0924687146978,36.3987951680901,0.716849791159363,1,"ITA","European Challenge Tour",63,22.0029844052838,30.2569782621421,0.727203629346366,0,1
497,"Koumei Oda",1.03255723878524,"7940",233,0,37.7800986738297,0,0,"JPN","Japan Golf Tour",63,0,25.0761452743206,0,0,1
498,"Joseph Winslow",1.03581141229492,"21642",107,0,37.2714264711724,0,0,"USA","PGA Tour China",63,0,29.4227303095001,0,0,1
499,"Trevor Sluman",1.03936758437728,"24463",76,0,29.2988607250212,0,0,"USA","PGA Tour China",62,0,26.9257256136599,0,0,1
500,"K.T. Kim",1.04161838670988,"7880",255,1.32269967871971,36.0784023370533,0.0366618140782045,0,"KOR","Japan Golf Tour",69,0,24.4820962024844,0,0,1
501,"Ben Stow",1.04702351948289,"16401",163,5.24370771070018,37.2916193728482,0.140613569453036,0,"ENG","European Challenge Tour",82,5.0337468563104,30.3185910968969,0.16602838965118,0,1
502,"Jonathan Hodge",1.04980584569141,"13520",133,0,16.5045978050047,0,0,"USA","Web.com Tour",35,0,9.28399222676298,0,0,1
503,"Daeeok Jeong",1.05422645158246,"16762",93,0,12.533662581588,0,0,"KOR","Korean Golf Tour",14,0,9.18667956501612,0,0,1
504,"Neil Schietekat",1.05686875063164,"11980",215,7.02484979000448,46.299890438009,0.151724976529049,0,"RSA","Sunshine Tour",71,5.30841161678232,36.5338932982925,0.145301010583244,0,1
505,"Ryo Ishikawa",1.06051191710424,"12232",199,5.64978672206295,35.5756298029409,0.158810588972227,0,"JPN","Japan Golf Tour",65,3.05362873184888,26.603508398527,0.114782933367464,0,1
506,"Lasse Jensen",1.06795440805536,"10170",199,28.0854036926285,34.4435802825775,0.815403145149659,1,"DEN","European Tour",54,19.889509844787,24.247686434736,0.820264230087299,0,1
507,"Andrew Novak",1.06939068336464,"23475",112,0.802764147424942,39.3410362763669,0.0204052618691994,0,"USA","Web.com Tour",68,0,33.9925400886998,0,0,1
508,"Sam Fidone",1.07038654671359,"19618",141,0.591424574798265,17.809797944661,0.0332078205848238,0,"USA","PGA Tour Latinoamerica",48,0.591424574798265,14.4077026125507,0.0410491936641633,0,1
509,"Max Greyserman",1.07375432610616,"23465",68,0.101078771230536,33.604383367403,0.00300790435954211,0,"USA","PGA Tour Canada",54,0,29.0852273882672,0,0,1
510,"Hiroyuki Fujita",1.07568966854,"5599",242,0,36.698181408339,0,0,"JPN","Japan Golf Tour",60,0,23.6899466119018,0,0,1
511,"Kyle Reifers",1.07868775284731,"11329",220,4.24834800808135,28.875043002126,0.147128716233204,0,"USA","PGA Tour",53,0,20.8125225585834,0,0,1
512,"Casey Wittenberg",1.0796218793534,"8819",181,0.955721820837944,39.6309820322278,0.024115522044363,0,"USA","Web.com Tour",73,0.955721820837944,35.1195795410326,0.0272133617010223,0,1
513,"Thomas Linard",1.08420322839547,"15337",189,1.62815258529781,29.3859686397271,0.0554057824419203,0,"FRA","European Challenge Tour",58,0.42304682817397,18.3480027378754,0.0230568326273836,0,1
514,"Jim Herman",1.08967154500808,"12846",188,28.8699660010365,34.672224709072,0.832653982929532,1,"USA","PGA Tour",49,20.8597737582468,26.6620324662822,0.782377479459858,0,1
515,"Todd Baek",1.09164623857263,"12745",173,0.0549660639851523,41.7195546530704,0.00131751320075769,0,"KOR","Web.com Tour",67,0,31.3509991042881,0,0,1
516,"Antoine Rozner",1.09218224988576,"18770",163,3.66259007860136,45.2720699439654,0.0809017587032063,0,"FRA","European Challenge Tour",84,3.66259007860136,35.7966551321755,0.10231654508159,0,1
517,"Aaron Pike",1.0939857391568,"10828",88,3.21111479044101,19.0927070372547,0.168185411538306,0,"AUS","PGA Tour Australasia",33,3.10483927750587,15.9202899142912,0.195024041284495,0,1
518,"Rafael Campos",1.09433109824294,"12909",207,5.52675443725706,50.0995254262638,0.110315504792382,0,"PUE","Web.com Tour",88,4.66716455897971,41.0856257166366,0.1135960442995,0,1
519,"Bio Kim",1.09660360401325,"12188",164,0.0816699131258295,30.3142618773831,0.00269410858348366,0,"KOR","Korean Golf Tour",47,0,18.5331066403715,0,0,1
520,"Fernando Mechereffe",1.09737775764717,"12074",63,0,14.101597436686,0,0,"BRA","Web.com Tour",38,0,10.0096392228292,0,0,1
521,"Nino Bertasio",1.10018781851921,"13013",273,48.7527266725003,48.7527266725003,1,1,"ITA","European Tour",79,36.8429221470293,36.8429221470293,1,1,1
522,"Steven Brown",1.10063993312064,"15771",242,44.5449163226368,49.7857833785393,0.894731654294674,1,"ENG","European Challenge Tour",80,38.0559434432153,38.0559434432153,1,1,1
523,"Jeunghun Wang",1.10189510615222,"15366",259,50.8207229911645,51.5298700788673,0.986238135539301,1,"KOR","European Tour",81,38.3227574881226,38.3227574881226,1,1,1
524,"Dongseop Maeng",1.1041341399804,"14482",152,1.70478082067449,33.5216424051706,0.0508561245319989,0,"KOR","Korean Golf Tour",65,1.70478082067449,24.7787260769904,0.0688001802585628,0,1
525,"Josh Geary",1.10777100012745,"9903",158,21.2150479343972,33.5986354541598,0.631425879284351,1,"NZL","European Tour",56,18.5406691801829,25.326282909045,0.732072260535371,0,1
526,"Byron Meth",1.10840434010903,"15855",66,0,26.5068776936266,0,0,"USA","PGA Tour Canada",38,0,24.2013830365765,0,0,1
527,"Shiv Kapur",1.11009884807494,"9553",190,10.9187415571578,35.8924846752106,0.304206901694351,0,"IND","Asian Tour",56,5.36863771862593,25.2679714153547,0.212468093713433,0,1
528,"Conrad Shindler",1.11371335078957,"17274",209,10.9368109536137,37.2919178034232,0.293275637130408,0,"USA","Web.com Tour",62,7.4865032225661,26.2373121312296,0.285338040159042,0,1
529,"Augusto Nunez",1.11597079987787,"16796",228,0.683629159407276,48.1346378885848,0.0142024369434261,0,"ARG","PGA Tour Latinoamerica",75,0,34.8625584801395,0,0,1
530,"Robert Karlsson",1.11751946373474,"4331",211,41.9148753798205,42.8186212411288,0.978893625364091,1,"SWE","European Tour",68,34.2997017446447,34.9094178011378,0.982534339015153,1,1
531,"Andrew Dodt",1.12355963047133,"8364",226,23.5324340534804,39.4763631095894,0.596114540444178,1,"AUS","European Tour",67,14.4527367806823,29.2556763549531,0.494014788970532,0,1
532,"Dylan Perry(Am)",1.12584238100269,"17066",41,2.08152708298631,16.1140741727673,0.129174475720367,0,"AUS","PGA Tour Australasia",15,2.08152708298631,10.1963224651364,0.204144885580418,0,1
533,"Richard McEvoy",1.12620232938295,"7389",199,35.204969450009,41.6210545917345,0.845845204917041,1,"ENG","European Tour",82,31.0667373053201,35.1949224393941,0.882705093577555,1,1
534,"Anders Hansen",1.13109417594861,"5724",58,7.22385210926216,7.22385210926216,1,1,"DEN","European Tour",15,4.74696965875455,4.74696965875455,1,0,1
535,"Ryan Yip",1.13163237628166,"12083",208,1.18284914959653,41.7936825712947,0.028302103974177,0,"CAN","Web.com Tour",73,1.18284914959653,32.2660485898278,0.0366592502426664,0,1
536,"Andres Romero",1.13234651073246,"7751",183,25.5844439235909,36.6910629238656,0.69729361552373,1,"ARG","PGA Tour",71,20.6643894703991,30.0443620963768,0.687795913393384,1,1
537,"Ajeetesh Sandhu",1.13344711017813,"13801",135,22.2131629147004,46.3340195399804,0.479413682111763,0,"IND","Asian Tour",75,16.5537745296179,36.3994936183285,0.454780352254199,0,1
538,"Mathieu Fenasse",1.13460101635393,"17831",179,3.23193137912452,37.9257474203893,0.0852173417520309,0,"FRA","European Challenge Tour",74,3.23193137912452,29.9915391875191,0.107761437614695,0,1
539,"Nelson Ledesma",1.13636900622986,"15239",202,0,46.5916867339306,0,0,"ARG","PGA Tour Latinoamerica",83,0,36.6522769340359,0,0,1
540,"Matthew Cort",1.13761147959536,"7313",101,0.340413305380045,9.55766296571664,0.0356167932057353,0,"ENG","EuroPro Tour",23,0,6.83259171533355,0,0,1
541,"Maverick Antcliff",1.13818214755981,"22815",147,2.1246063706291,49.3868394282583,0.0430196869292559,0,"AUS","PGA Tour Australasia",87,2.08152708298631,42.809820588637,0.0486226537361105,0,1
542,"Yuto Soeda",1.13897732867646,"14276",63,0,15.0768727876688,0,0,"JPN","Japan Golf Tour",19,0,10.8667359091601,0,0,1
543,"Anthony Quayle",1.14108423389186,"18900",139,3.43430911102998,39.704695058021,0.0864962973777125,0,"AUS","PGA Tour Australasia",63,3.43430911102998,29.5487485231798,0.11622519675701,0,1
544,"Dongkyu Jang",1.14148980774236,"13919",90,0,38.8814454623956,0,0,"KOR","Japan Golf Tour",80,0,33.722776968681,0,0,1
545,"Carter Jenkins",1.14325354611993,"15456",117,0.49455121005641,14.0651326646287,0.0351615034033854,0,"USA","PGA Tour Canada",38,0.410355423328751,11.2819337629528,0.0363727913982495,0,1
546,"Matthew Millar",1.1444949847715,"7449",159,11.3113394035877,35.0674545534926,0.32255946568158,0,"AUS","PGA Tour Australasia",67,10.6403932855909,30.3309798371023,0.350809414754712,0,1
547,"Hyunwoo Ryu",1.14489070784061,"13928",267,7.79531466047846,46.8138843482746,0.166517151246941,0,"KOR","Japan Golf Tour",90,5.03666884039049,35.2432170260347,0.142911722181032,0,1
548,"Tom Whitney",1.14513410617906,"20353",158,1.14172370505086,32.6192837423411,0.0350014952526029,0,"USA","Web.com Tour",52,0.436130750694815,24.6858368815983,0.0176672459105456,0,1
549,"Geoff Ogilvy",1.14545493299839,"5698",155,14.418364153939,17.9476790495596,0.803355359438121,1,"AUS","PGA Tour",24,7.07558296208915,10.1165071967074,0.699409670206335,0,1
550,"Kyongjun Moon",1.14622777290922,"13836",223,0.163339826251659,39.4628673653166,0.00413907648269918,0,"KOR","Korean Golf Tour",68,0,28.4723670179874,0,0,1
551,"Nick Flanagan",1.15132887753114,"8357",64,4.92307260425139,19.6350168680152,0.250729227142703,0,"AUS","PGA Tour Australasia",30,4.82199383302086,16.261908246198,0.296520787106778,0,1
552,"Peter Karmis",1.1586427000889,"8427",201,7.77603234775857,48.9877356977137,0.158734267608158,0,"RSA","Sunshine Tour",65,5.76332995741768,35.0708557103257,0.164333884665404,0,1
553,"Alex Haindl",1.16532271996298,"10792",164,7.85502446239541,28.5180211468021,0.275440726478185,0,"RSA","Sunshine Tour",51,6.33172381130187,20.1842073418212,0.313696926714713,0,1
554,"Francesco Laporta",1.16808888001573,"14987",214,2.67428972452014,33.0271083520258,0.0809725664147071,0,"ITA","European Challenge Tour",61,1.78747964987332,22.6624233187637,0.0788741620757451,0,1
555,"Parker McLachlin",1.17036936837295,"9168",112,17.3268076146792,23.9774951229849,0.722627927805089,1,"USA","Web.com Tour",47,16.0911709360438,19.6891499401084,0.817260825631925,0,1
556,"Rashid Khan",1.17247440378183,"12668",158,5.94297099695574,44.0758440271856,0.134835103629329,0,"IND","Asian Tour",78,4.42754893148397,38.8057199974347,0.114095265640649,0,1
557,"Mikumu Horikawa",1.17264341950992,"15056",221,0,43.8552328308053,0,0,"JPN","Japan Golf Tour",72,0,30.9703890897779,0,0,1
558,"Brad Hopfinger",1.17322248234744,"18190",191,0,46.0749694903932,0,0,"USA","Web.com Tour",83,0,36.8945876949668,0,0,1
559,"Tim Herron",1.17323042546015,"5621",101,16.941336780006,19.917117226031,0.850591809434362,1,"USA","PGA Tour",40,14.1283310583239,16.9490565077565,0.83357625551949,0,1
560,"Junghwan Lee",1.17346087676061,"13498",156,0.349783027675308,22.7233021781054,0.0153931424637893,0,"KOR","Korean Golf Tour",57,0,17.8786928878617,0,0,1
561,"Jacques Kruyswijk",1.1740968765537,"16896",210,41.4554735987004,50.4023823960863,0.822490359144598,1,"RSA","Sunshine Tour",80,32.3064923666168,37.9045618105985,0.852311458658876,1,1
562,"Bob Estes",1.17608856253699,"889",52,4.55500541284959,4.55500541284959,1,1,"USA","PGA Tour",6,1.52551455738825,1.52551455738825,1,0,1
563,"Tomoharu Otsuki",1.1771670080551,"12377",98,0,38.8655989249802,0,0,"JPN","Japan Golf Tour",74,0,32.624469098811,0,0,1
564,"Jamie Donaldson",1.1793834418451,"7084",159,17.3138901221353,17.3138901221353,1,1,"WAL","European Tour",28,8.72116872096331,8.72116872096331,1,0,1
565,"Richard Bland",1.17943383317995,"6516",236,24.4380118970914,45.0104587420456,0.542940742664839,1,"ENG","European Tour",71,16.0702042803658,32.6426511253201,0.492306958116542,0,1
566,"Cody Gribble",1.18261933855421,"17508",235,43.4973988435447,44.4626175517066,0.978291455579747,1,"USA","PGA Tour",64,31.509910399401,31.509910399401,1,0,1
567,"Stuart Manley",1.18430622656401,"8222",208,27.9984165064139,51.4712553997908,0.543962184115052,1,"WAL","European Tour",99,19.5911777642459,41.5594002482752,0.471401840431009,0,1
568,"Mark F Haastrup",1.18463812444293,"7952",196,0.193317506153016,36.1131672351568,0.0053531030633286,0,"DEN","European Challenge Tour",67,0,25.3868421355557,0,0,1
569,"Yikeun Chang",1.18741255096465,"18338",185,11.3341617996803,31.7527958834688,0.356950041227113,0,"KOR","Asian Tour",56,9.52518415822081,22.4032218828628,0.425170281668596,0,1
570,"Michael Sim",1.19117941803862,"7681",115,2.66927728017727,16.2789427162227,0.163971169793307,0,"AUS","PGA Tour Australasia",25,2.08152708298631,12.3841720798531,0.168079631772284,0,1
571,"Lorenzo Gagli",1.19388486272804,"10073",226,29.4454527095928,40.9266849325409,0.719468306757009,1,"ITA","European Challenge Tour",70,25.8990259626556,31.4581842234443,0.823284197800402,1,1
572,"Scott Gutschewski",1.19505331811933,"7305",119,0,27.311632174486,0,0,"USA","Web.com Tour",30,0,21.1874279983574,0,0,1
573,"Andrew Svoboda",1.1960406432239,"11274",157,0.507876406014425,26.8602343174277,0.0189081152462211,0,"USA","Web.com Tour",37,0.507876406014425,17.9086397232723,0.028359295505534,0,1
574,"Jarryd Felton",1.19615529988871,"16835",148,5.32807411708598,34.6102018963012,0.153945190295333,0,"AUS","PGA Tour Australasia",62,4.82199383302086,29.674890927946,0.162494070988473,0,1
575,"Sebastian Heisele",1.19641839021413,"16499",234,16.8092570173005,34.0858010726371,0.493145429719542,0,"GER","European Challenge Tour",60,11.1505348963651,24.2475747461552,0.45986186301511,0,1
576,"Kyle Thompson",1.19660337071804,"7617",174,8.90888504151031,15.3286361242502,0.581192284120846,1,"USA","Web.com Tour",30,5.82315043379851,7.59629425635926,0.766577786125603,0,1
577,"Garrett Osborn",1.1974188661055,"12848",63,1.07787817967183,24.4234012512674,0.0441330086904214,0,"USA","Web.com Tour",39,0.878753000347677,17.9212547548888,0.0490341224633257,0,1
578,"Marcel Siem",1.19898610137105,"6950",193,35.0763249379839,35.0763249379839,1,1,"GER","European Tour",53,22.6189477999734,22.6189477999734,1,0,1
579,"Deyen Lawson",1.20267702169776,"15885",172,21.2152927489997,42.5015774600713,0.499164831444921,0,"AUS","PGA Tour Australasia",76,18.9622526069672,34.5257207842827,0.549221049589193,1,1
580,"Seunghyuk Kim",1.20711593928191,"7716",247,0.724980750872997,43.5033282913523,0.0166649490820019,0,"KOR","Japan Golf Tour",81,0,32.6871958065062,0,0,1
581,"Jason Gore",1.20838298852959,"6321",140,8.54018394742734,17.0793255552887,0.50003051465828,1,"USA","Web.com Tour",32,6.97031070272464,11.6416626614078,0.598738419541334,0,1
582,"Edoardo Molinari",1.20973947635038,"7033",232,45.3007090613259,45.3007090613259,1,1,"ITA","European Tour",75,35.6924889257108,35.6924889257108,1,1,1
583,"Jonathan Randolph",1.21012482427536,"14837",229,16.4745943100252,39.0203480602665,0.422205211613705,0,"USA","PGA Tour",64,9.6157821017065,28.6085836220339,0.336115280251084,0,1
584,"Sebastian Garcia Rodriguez",1.21198169256354,"12258",66,2.50233877948163,26.1855785986151,0.0955617142488491,0,"ESP","Alps Golf Tour",40,1.75329814893019,20.9176380858846,0.0838191263149029,0,1
585,"Jens Dantorp",1.21377266352372,"14018",270,46.390778933978,50.6581548045987,0.915761324369571,1,"SWE","European Challenge Tour",81,37.6317691246669,37.6317691246669,1,1,1
586,"Marcelo Rozo",1.21458105813942,"16591",174,0.0701327332771128,40.7373961106801,0.00172158115080718,0,"COL","PGA Tour Latinoamerica",71,0,32.5382644239364,0,0,1
587,"Danthai Boonma",1.21727123140034,"16424",258,11.0590873072375,57.5663932398196,0.192110130317975,0,"THA","Asian Tour",96,7.96714703228907,44.1939379074114,0.180276920535587,0,1
588,"Michael Hebert",1.21786266294861,"18251",198,0.527447439214758,43.2217274685971,0.0122032938086054,0,"USA","Web.com Tour",66,0.492640113833992,30.7361836550404,0.0160280182915033,0,1
589,"Niclas Johansson",1.21877540839179,"14893",190,5.09908832029773,35.5669277345254,0.143366004462285,0,"SWE","European Challenge Tour",68,3.55802026592475,26.4923744862656,0.134303562248425,0,1
590,"Hosung Choi",1.21964603122715,"9041",225,3.69749277254857,46.4142041747443,0.0796629574564701,0,"KOR","Japan Golf Tour",88,3.69749277254857,37.0623513182866,0.0997641175217135,0,1
591,"Brandon Crick",1.21990849117069,"14847",90,0,26.1087648706294,0,0,"USA","Web.com Tour",48,0,18.22754586357,0,0,1
592,"Phachara Khongwatmai",1.22179490457075,"18149",251,26.8928571651412,55.5252712032741,0.48433544910908,0,"THA","Asian Tour",89,18.3894183374867,40.6358016900908,0.452542279779139,0,1
593,"Max Rottluff",1.22215959087106,"19899",198,0.20682254189538,47.3840317013012,0.00436481520186262,0,"GER","Web.com Tour",82,0,36.3607503420848,0,0,1
594,"Martin Piller",1.22219020958442,"13760",228,31.2566965816171,51.2961972326514,0.609337500007143,1,"USA","PGA Tour",82,23.0802793075412,39.299230319235,0.587295962797635,1,1
595,"Oscar Fraustro",1.22416264360695,"9834",174,2.32978463211606,40.0021938175331,0.058241421526609,0,"MEX","Web.com Tour",76,1.86789882101749,34.7969419972491,0.0536799705320414,0,1
596,"Joey Garber",1.22603555602977,"18658",119,22.1440477047583,40.5526688694352,0.546056482152977,1,"USA","Web.com Tour",76,19.977605673647,33.8295627121501,0.590536917181963,1,1
597,"Kim Koivu",1.22690177552846,"20071",159,36.1905985299949,51.653445369653,0.700642489015017,1,"FIN","European Challenge Tour",95,33.7706768212153,43.7064361453346,0.772670567531967,1,1
598,"Derek Ernst",1.22970153429958,"16711",230,6.32042157262563,47.6718295042815,0.13258189665362,0,"USA","Web.com Tour",82,5.11755793160382,36.628818394965,0.139713978114764,0,1
599,"Juvic Pagunsan",1.23486951714462,"8615",220,1.97308627201253,33.3078032490086,0.0592379586627723,0,"PHI","Japan Golf Tour",56,0.992612828683966,20.3361853681007,0.0488101780504508,0,1
600,"Keith Horne",1.23514431875898,"6165",257,16.3841759587751,57.0370025963207,0.287255206496984,0,"RSA","Asian Tour",82,11.9159833907948,42.6174514137952,0.279603378322563,0,1
601,"Nick Hardy(am)",1.23594661382997,"19865",42,6.3068572720843,13.140406298989,0.479959076498993,0,"USA","Web.com Tour",34,6.05776711139892,12.871199200654,0.470645121481074,0,1
602,"Rick Lamb",1.23688484339592,"18869",209,5.62170488862097,39.4049857438642,0.142664812142366,0,"USA","Web.com Tour",62,1.42186806712821,29.3129810391381,0.048506430145394,0,1
603,"David Law",1.23744419506788,"14784",232,22.1914717490205,49.4985318081529,0.448325858129097,0,"SCO","European Challenge Tour",94,21.5656339389619,42.5367600687006,0.506988165157185,1,1
604,"Grant Hirschman",1.23774670908504,"25027",46,0.955721820837944,20.2521740632854,0.0471910728127973,0,"USA","PGA Tour Canada",42,0.955721820837944,16.2521740632854,0.0588057829750284,0,1
605,"Adam Bland",1.24262138705167,"10829",222,20.1914494824686,33.1887364684487,0.608382590933037,1,"AUS","Japan Golf Tour",59,17.2750888776812,22.2416819999464,0.776698852079751,0,1
606,"Daisuke Kataoka",1.24716055198849,"11195",283,9.11215385635461,52.37677122419,0.173973187796391,0,"JPN","Japan Golf Tour",84,6.28372926225453,37.2655702514349,0.16862023631619,0,1
607,"Jose-Filipe Lima",1.24778039378153,"7868",218,12.9696244919486,35.3693270140361,0.366691299690314,0,"POR","European Challenge Tour",78,8.46452838138528,28.652017725864,0.2954252109702,0,1
608,"Sam Brazel",1.24833868680324,"8390",211,43.0275996439209,43.4818257578896,0.989553655899871,1,"AUS","European Tour",62,30.6722452192802,30.6722452192802,1,0,1
609,"Jack Senior",1.25089428487987,"15115",228,10.1063837926778,42.43610570798,0.238155307233513,0,"ENG","European Challenge Tour",84,9.76388643647628,31.8002481950124,0.307038057583704,0,1
610,"Mark Anguiano",1.25325924157081,"19029",131,0.822753248065243,16.7252086112169,0.0491924057385721,0,"USA","Web.com Tour",42,0.802014137086315,12.6187742038941,0.0635572143638814,0,1
611,"Freddie Jacobson(Sept1974)",1.25744918722936,"3846",94,28.188336165548,28.188336165548,1,1,"SWE","PGA Tour",40,25.0784576948821,25.0784576948821,1,0,1
612,"Steve Surry",1.2591622850702,"9498",188,4.24767998308298,43.1418014001924,0.0984585679137645,0,"ENG","Sunshine Tour",69,4.12158372648888,35.4840808399154,0.116153036204691,0,1
613,"Yuwa Kosaihira",1.26675110765318,"15314",121,1.47484825378986,42.1076825389775,0.0350256334440786,0,"JPN","PGA Tour China",77,1.47484825378986,37.0917554033957,0.0397621584028573,0,1
614,"Thomas Bjorn",1.26926735949928,"5725",164,34.8087474077292,34.8087474077292,1,1,"DEN","European Tour",57,27.9010746527782,27.9010746527782,1,0,1
615,"Ben Leong",1.27000832273985,"8612",162,4.57962648311446,36.0007684082281,0.127209131515864,0,"MAS","Asian Tour",62,3.31958140591226,25.4237213863905,0.130570240110059,0,1
616,"John Merrick",1.2706155383852,"9584",160,11.8509770806913,26.8353567860464,0.441618018168235,0,"USA","Web.com Tour",38,9.57694452545355,17.2143349867614,0.556335433975151,0,1
617,"Andrew Dorn",1.27152024262575,"18629",48,0.927050166212806,12.817227450898,0.0723284477679963,0,"USA","PGA Tour Canada",44,0.927050166212806,12.7626674306441,0.0726376497116026,0,1
618,"Brad Miller",1.27410791140833,"17568",44,0.132957960714499,12.2476117273209,0.0108558275421083,0,"USA","PGA Tour Canada",42,0,12.1146537666064,0,0,1
619,"Spencer Levin",1.27838597385455,"8199",199,4.53851025004367,17.5538626472228,0.258547667898137,0,"USA","PGA Tour",31,0.573681837554317,8.2387911932761,0.0696317972013315,0,1
620,"Jeongu Ham",1.27928902344059,"17872",67,0,23.2402041641147,0,0,"KOR","Korean Golf Tour",45,0,18.3078609321322,0,0,1
621,"Marcus Armitage",1.28059053120602,"17813",221,8.44559451214966,32.861994452447,0.25700188478733,0,"ENG","European Challenge Tour",56,3.25440855667986,20.5761846248774,0.158163848935587,0,1
622,"Matt Atkins",1.28243768449182,"19360",217,9.86438240150586,36.9107128119736,0.26724984835042,0,"USA","Web.com Tour",46,5.89752073757784,23.0477907332642,0.255882258123166,0,1
623,"Norman Xiong",1.28739927397815,"24354",47,6.49805838605378,28.2472559766516,0.230042110689438,0,"USA","Web.com Tour",41,6.23016347905206,23.9793610696499,0.259813573053763,0,1
624,"Pedro Oriol",1.28791571286592,"10248",186,20.3649291084363,26.6252396924856,0.764873080717614,1,"ESP","European Challenge Tour",48,16.2702047086939,16.2702047086939,1,0,1
625,"Keita Nakajima(Am)",1.28845045151205,"21074",45,0,9.05940608979007,0,0,"JPN","Japan Golf Tour",18,0,7.88712261055589,0,0,1
626,"Marc Warren",1.28857184708736,"7567",235,40.8513190980377,40.8513190980377,1,1,"SCO","European Tour",66,30.0106444823814,30.0106444823814,1,0,1
627,"Michael Hendry",1.2887750001044,"11885",246,4.91118622800251,44.8542584115748,0.109492083960866,0,"NZL","Japan Golf Tour",68,3.67852111506018,30.3497856262571,0.121204187744829,0,1
628,"Matt Harmon",1.28965719323212,"12385",208,0,34.6452873133118,0,0,"USA","Web.com Tour",52,0,21.1749963018993,0,0,1
629,"Kristoffer Reitan(Am)",1.29507356733745,"21407",51,17.7877192744544,19.3272760639904,0.920342795102697,1,"NOR","Nordic Golf League",27,17.7877192744544,17.7877192744544,1,0,1
630,"Daniel Greene",1.29787816247487,"14395",108,5.77181442038536,32.2100710998119,0.179192849419667,0,"RSA","Sunshine Tour",48,4.28509942226277,27.8323113438892,0.153961321045785,0,1
631,"Thriston Lawrence",1.29976586095978,"18105",173,2.14254971113138,44.1747092437777,0.0485017275225909,0,"RSA","Sunshine Tour",72,2.14254971113138,37.9521217935455,0.0564540165313172,0,1
632,"Kyungnam Kang",1.30218524707706,"7578",228,0,38.9089257650419,0,0,"KOR","Japan Golf Tour",68,0,27.5026121061577,0,0,1
633,"Chris Williams",1.30299354143748,"15481",158,0,26.0409261222722,0,0,"USA","PGA Tour Canada",66,0,20.0467718019753,0,0,1
634,"Tom Murray",1.30883086504853,"17077",216,21.7244089715986,49.3118004916236,0.440551931890802,0,"ENG","European Challenge Tour",88,20.3328691238251,38.320640560321,0.53059836230605,1,1
635,"Jeonghyeob Hyun",1.30934465193987,"7604",151,0,30.5900713575018,0,0,"KOR","Korean Golf Tour",59,0,22.3084207563657,0,0,1
636,"Michael Kim",1.31089068015905,"17543",235,42.6143756352124,42.6143756352124,1,1,"USA","PGA Tour",69,32.7952112048308,32.7952112048308,1,1,1
637,"Yusaku Miyazato",1.31568812827186,"7031",294,31.8260894771106,49.9233067462034,0.637499627957456,1,"JPN","Japan Golf Tour",74,26.076718144734,34.4141945248345,0.75773146821484,1,1
638,"Johan Carlsson",1.3159672229861,"11658",182,7.36812943757579,20.5996830383185,0.357681689755612,0,"SWE","European Tour",52,2.67479597708728,15.90634957783,0.168159008702749,0,1
639,"Albin Choi",1.31753564445464,"15606",184,0,37.8303324174176,0,0,"CAN","Web.com Tour",61,0,29.0172255956703,0,0,1
640,"Kodai Ichihara",1.31824656341579,"12140",223,3.83996649637536,39.2798293604921,0.097759245874872,0,"JPN","Japan Golf Tour",73,1.79311395054043,29.7733855313047,0.0602253965594572,0,1
641,"Conner Godsey",1.31938018565804,"19742",102,0,18.3634203919362,0,0,"USA","Web.com Tour",45,0,11.8755843146892,0,0,1
642,"Oliver Farr",1.32096162174162,"13318",226,25.7817646622742,30.6890927152382,0.840095368784646,1,"WAL","European Challenge Tour",59,21.13287928611,21.13287928611,1,0,1
643,"Max Schmitt",1.32145547818859,"23017",123,17.7198729984588,37.2846238694749,0.475259534882051,0,"GER","European Challenge Tour",73,17.5114631608701,32.9002913132879,0.532258605071911,1,1
644,"Matt Ford",1.32312564828135,"10139",190,2.45539110902597,29.8364228045989,0.0822950903031011,0,"ENG","European Challenge Tour",58,1.14591623416916,20.7708258559493,0.0551695075639441,0,1
645,"Stuart Appleby",1.32545770370907,"5294",174,14.7064058467369,25.3834179031312,0.579370591575171,1,"AUS","PGA Tour",46,10.899139474857,17.7660399768367,0.613481647517804,0,1
646,"Junseok Lee",1.32709598164218,"16006",162,1.4432339032991,33.4380338415892,0.0431614463379138,0,"AUS","Korean Golf Tour",64,1.02331219451955,24.4169676507627,0.0419098804223376,0,1
647,"Daan Huizing",1.32816463100676,"12650",207,6.55966718315918,33.6291921566687,0.195058720191659,0,"NED","European Challenge Tour",68,4.61831189943931,24.058033534158,0.191965477680549,0,1
648,"Pep Angles Ros",1.33022998709423,"19634",204,21.4399261795777,28.4493365164104,0.753617792359078,1,"ESP","European Tour",45,14.126229809531,18.3617889099784,0.769327535502512,0,1
649,"Jordan Niebrugge",1.33774462032666,"18284",148,0.621369939052171,38.1019389566309,0.0163080923456268,0,"USA","Web.com Tour",74,0,32.3241882574664,0,0,1
650,"Junwon Park",1.33918922801267,"10999",228,0,37.3833942176826,0,0,"KOR","Japan Golf Tour",60,0,25.2713961052341,0,0,1
651,"Emilio Cuartero Blanco",1.34163944472055,"19459",135,2.67202020029997,30.6647487511799,0.0871365430703931,0,"ESP","European Challenge Tour",62,2.4620593459102,25.0086536783289,0.0984482962409002,0,1
652,"Alfredo Garcia-Heredia",1.34257511040204,"7887",48,0.374520315275721,11.3505348874091,0.0329958296230752,0,"ESP","European Challenge Tour",25,0,6.45054564855013,0,0,1
653,"Ken Duke",1.3439836383142,"493",172,14.6921799237961,21.1010541195958,0.696277059929056,1,"USA","PGA Tour",35,9.4696917965436,13.6742459750468,0.692520217482135,0,1
654,"Jaco Van Zyl",1.34460095184781,"7105",163,22.9171846049952,33.1283421579528,0.691769738905988,1,"RSA","European Tour",57,20.2467770778678,30.3410974239274,0.667305364568025,0,1
655,"Magnus A Carlsson",1.34540416625461,"7823",174,3.55460390208574,28.1128424739702,0.12644057268051,0,"SWE","European Tour",55,0,22.2894262562458,0,0,1
656,"Kent Bulle",1.34843459647369,"15715",138,0.256152564284546,8.20095723366842,0.0312344714142552,0,"USA","Web.com Tour",2,0,0.42304682817397,0,0,1
657,"David McKenzie",1.35609742571406,"4912",81,2.17137358980772,6.96523836683746,0.311744333136675,0,"AUS","PGA Tour Australasia",10,2.0466243890391,4.87735765388004,0.419617451554116,0,1
658,"Austin Connelly",1.35623846738908,"19704",212,33.9017202123092,39.3288420611406,0.862006569112958,1,"CAN","European Tour",70,26.7935896131009,26.7935896131009,1,1,1
659,"David Micheluzzi(Am)",1.35704009210712,"19224",50,2.77536944398175,17.0378137847014,0.162894692890341,0,"AUS","PGA Tour Australasia",30,2.77536944398175,15.3513549698555,0.180789868349183,0,1
660,"Guillermo Pereira",1.35721346710623,"19455",194,0.410355423328751,38.4256744826893,0.0106791989692625,0,"CHI","Web.com Tour",57,0.410355423328751,26.704074760835,0.0153667718130639,0,1
661,"Harry Bateman",1.35803027182029,"16921",93,1.43076400963367,24.3320211884717,0.0588016917522475,0,"NZL","PGA Tour Australasia",34,1.38768472199088,20.3249975296313,0.0682747793680076,0,1
662,"Ryan Evans",1.35976687642182,"19030",226,27.7740815070125,38.0892087805447,0.72918504731973,1,"ENG","European Tour",62,21.6411302157761,23.9923602940892,0.902000884886163,0,1
663,"Marcus Helligkilde",1.36103574497514,"20190",81,0,22.5947441772872,0,0,"DEN","Nordic Golf League",44,0,19.1346513022838,0,0,1
664,"Seth Fair",1.36819999807647,"18377",156,0,34.0005028963369,0,0,"USA","Web.com Tour",57,0,24.0999188782509,0,0,1
665,"Lee Hodges",1.37003831246004,"25157",58,1.92566888764689,30.3316896143049,0.0634870299720699,0,"USA","PGA Tour Canada",54,1.92566888764689,26.3316896143049,0.0731312314497571,0,1
666,"Garrick Porteous",1.3706041125063,"16400",197,2.93267698171415,30.6931453414835,0.0955482714165002,0,"ENG","European Challenge Tour",54,1.25947989854845,18.8496787800735,0.0668170483562768,0,1
667,"Innchoon Hwang",1.37115091795935,"10078",174,0,32.6079350651306,0,0,"KOR","Korean Golf Tour",59,0,22.6524268559809,0,0,1
668,"Toshinori Muto",1.37982972039046,"7936",247,0,43.929504355106,0,0,"JPN","Japan Golf Tour",75,0,30.5647368880616,0,0,1
669,"Joshua Creel",1.3804411598117,"17570",48,0.772206835620044,25.5230431413449,0.0302552807415485,0,"USA","Web.com Tour",28,0,21.9622459486587,0,0,1
670,"David S Bradshaw",1.38140317487798,"11600",80,0.539777240954857,11.52901863844,0.0468190101762116,0,"USA","PGA Tour Latinoamerica",32,0.539777240954857,9.81004595410764,0.0550229064654731,0,1
671,"Estanislao Goya",1.38147779888199,"10877",171,1.87744024191937,40.6150631541685,0.0462252203029427,0,"ARG","European Challenge Tour",66,0.900907738592942,30.8911291393304,0.0291639627198318,0,1
672,"Jake Higginbottom",1.38363933924413,"15849",204,11.4711138608239,47.2588813552934,0.242729271871329,0,"AUS","Asian Tour",84,10.5520637118142,36.4808033964906,0.289249762323747,0,1
673,"Dongha Lee(Dec1982)",1.38809806605027,"6650",138,0,27.5475637406596,0,0,"KOR","Korean Golf Tour",55,0,19.894906125867,0,0,1
674,"Tadahiro Takayama",1.38906803158447,"6835",162,0,11.4892360032929,0,0,"JPN","Japan Golf Tour",14,0,3.31394629307891,0,0,1
675,"Junsung Kim",1.39109668430612,"15343",171,0.0430792876427906,25.3013156859776,0.00170265009841626,0,"KOR","Korean Golf Tour",61,0,19.6811296922288,0,0,1
676,"Damien Perrier",1.39419267030867,"12661",243,4.04655475560704,34.3466280983431,0.117815196997526,0,"FRA","European Challenge Tour",74,0,24.0552236890991,0,0,1
677,"Max Orrin",1.39547189853967,"17903",229,11.8900386397948,40.6979912033477,0.292152961073341,0,"ENG","European Challenge Tour",85,10.5022337706283,32.7552631427629,0.320627366809865,0,1
678,"Shunya Takeyasu",1.3967768053821,"14663",186,0.0584186034489874,38.3877802412052,0.00152180207039638,0,"JPN","Japan Golf Tour",62,0,26.7052173032795,0,0,1
679,"Jangho Park",1.39678818845473,"18689",59,0,7.68260626880169,0,0,"KOR","Korean Golf Tour",8,0,4.84315448190971,0,0,1
680,"Felipe Aguilar",1.4077100836506,"8135",210,19.3898868284211,29.600193865632,0.655059453881965,1,"CHI","European Tour",52,11.7522732783253,18.4828616348711,0.635847062564849,0,1
681,"Mike Weir",1.4080211636239,"5513",91,7.6410158493868,28.4987698235636,0.268117392318773,0,"CAN","Web.com Tour",44,4.31652414220863,24.7047001661983,0.17472481403011,0,1
682,"Justin Hicks",1.41347530162788,"9166",91,0.484354393654758,16.7861364439913,0.0288544296819496,0,"USA","Web.com Tour",34,0,15.4587721956389,0,0,1
683,"D.A. Points",1.41452818611984,"6761",192,36.5349077239931,36.7198529552336,0.994963344993076,1,"USA","PGA Tour",54,28.3815288856196,28.3815288856196,1,0,1
684,"Darius Van Driel",1.42345631634115,"13374",193,2.7403727152377,31.0768214850102,0.0881805984102819,0,"NED","European Challenge Tour",65,2.42394853434339,24.7959311301178,0.0977558988054776,0,1
685,"Gregory Yates",1.42625918746948,"19830",99,0,28.6613920973298,0,0,"USA","Web.com Tour",30,0,23.8440459486587,0,0,1
686,"Thanyakorn Khrongpha",1.43014490907752,"13684",266,0.220799050971161,50.3276608029485,0.00438723054973032,0,"THA","Japan Golf Tour",81,0,36.2774498211807,0,0,1
687,"Tag Ridings",1.4302017896462,"6840",202,2.39153824588047,25.4866938256134,0.0938347775605575,0,"USA","Web.com Tour",47,0,15.2994668381302,0,0,1
688,"Jin Park",1.43029527100066,"7362",189,0,19.8271036732925,0,0,"KOR","Web.com Tour",42,0,11.3773775698774,0,0,1
689,"Hugo Leon",1.43477165983903,"13619",127,17.7677207723491,40.6571570799084,0.437013358740948,0,"CHI","European Challenge Tour",87,14.943505114578,34.732421141277,0.430246571461116,0,1
690,"Santiago Gomez",1.43484497171309,"22832",114,0,34.246357417766,0,0,"COL","PGA Tour Latinoamerica",47,0,24.3111803653769,0,0,1
691,"Martin Leth Simonsen",1.43651406695924,"16448",164,3.26005510090489,34.3617882389195,0.0948744308135985,0,"DEN","Nordic Golf League",57,3.23193137912452,25.1409828330421,0.128552308419577,0,1
692,"Erik Barnes",1.43926241115199,"14799",214,0,40.889681560952,0,0,"USA","Web.com Tour",71,0,31.0245617875708,0,0,1
693,"Andres Gonzales",1.44153085905642,"11640",182,3.92932673112374,15.8629657160603,0.247704420564027,0,"USA","PGA Tour",35,0.802014137086315,9.77211167404376,0.0820717326856373,0,1
694,"Andreas Halvorsen",1.44180879557515,"17747",153,0.712771715677449,35.3271321921247,0.0201763254317129,0,"NOR","PGA Tour Latinoamerica",51,0.591424574798265,25.1480547311019,0.0235177066823709,0,1
695,"Pedro Figueiredo",1.44486750310679,"10033",194,24.67398710953,51.1571037919423,0.482317904662468,0,"POR","European Challenge Tour",100,22.3096735089375,44.1144279813155,0.50572283331854,1,1
696,"Daijiro Izumida",1.4451820708381,"14729",151,0,38.7155608997311,0,0,"JPN","Japan Golf Tour",66,0,27.5567360570098,0,0,1
697,"Nicholas Thompson",1.44586192753927,"10889",152,0.488762266375664,28.3577524305299,0.0172355784391948,0,"USA","Web.com Tour",24,0,17.7372564095366,0,0,1
698,"Anthony Michael",1.45030981578047,"14397",212,5.34123713410171,48.1968031818234,0.110821398546949,0,"RSA","Sunshine Tour",77,3.62055756458324,38.173821743705,0.0948439899177841,0,1
699,"Graeme Storm",1.45059475603807,"3323",165,9.18436672428698,9.18436672428698,1,1,"ENG","European Tour",0,0,0,NA,0,NA
700,"Roland Thatcher",1.45367799027435,"7445",53,1.77058562,13.82722124727,0.128050718820282,0,"USA","Web.com Tour",38,1.77058562,11.4027244523948,0.155277418777593,0,1
701,"Ben Evans",1.45404378897675,"10151",215,23.087309847711,41.874490905935,0.551345445597733,1,"ENG","European Tour",82,18.0466288233137,34.4280227016706,0.524184295441341,1,1
702,"Nathan Kimsey",1.45432703294176,"18027",156,5.07681414761848,18.865268848162,0.269109027201227,0,"ENG","European Tour",42,0.84609365634794,12.4158404032289,0.0681463057569506,0,1
703,"Alexander Knappe",1.45514052662681,"12318",236,15.9197535014588,40.2664846426699,0.395359903968097,0,"GER","European Challenge Tour",74,11.2940925461463,28.417560434743,0.397433571825477,0,1
704,"Mark Foster",1.45583165026968,"5928",135,10.9696806691822,11.1779157580115,0.981370848256745,1,"ENG","European Tour",18,4.61012453743668,4.61012453743668,1,0,1
705,"Jiho Jung",1.45592061312507,"6645",148,0,31.1542635530161,0,0,"KOR","Korean Golf Tour",53,0,22.574871395126,0,0,1
706,"Kristoffer Broberg",1.45816584305783,"15603",77,12.787555804413,12.787555804413,1,1,"SWE","European Tour",14,10.5594985079707,10.5594985079707,1,0,1
707,"Blake Sattler",1.46039100667717,"18592",80,0,13.8943943377269,0,0,"USA","PGA Tour Canada",38,0,11.2860650702148,0,0,1
708,"Ross Kellett",1.46140865613924,"13235",168,0.172958355417189,17.9394051253744,0.00964125366523705,0,"SCO","European Challenge Tour",42,0,12.2909834013441,0,0,1
709,"Sean Kelly",1.46222733561267,"21942",126,0.0894843094140283,20.9167939308238,0.00427810828514024,0,"USA","PGA Tour Canada",43,0,14.5436708901886,0,0,1
710,"Ross McGowan",1.46289666135187,"11981",190,16.2154051669703,56.0741038635603,0.289178141953471,0,"ENG","European Challenge Tour",102,13.187866792648,47.0026862073452,0.280576874574182,0,1
711,"Tom Lovelady",1.46306325378965,"22068",207,29.2120707853563,44.5095247668226,0.65631055236813,1,"USA","PGA Tour",75,21.2351425138192,32.5222270474493,0.652942447109713,1,1
712,"Ryan McCormick",1.46397106943313,"18536",51,0.280093587666885,5.51648808450278,0.0507738951623478,0,"USA","Asian Tour",6,0,1.80390373408979,0,0,1
713,"Joseph Dean",1.4641173334344,"16497",137,3.7143230129269,23.9755779305262,0.154921104454285,0,"ENG","EuroPro Tour",51,3.47890955962128,17.1689885491905,0.202627519358751,0,1
714,"Mark Tullo",1.46623218895698,"10872",144,7.72198365483171,16.9476001325978,0.455638768581686,0,"CHI","European Challenge Tour",34,7.54838409456849,12.9656214906227,0.582184517728501,0,1
715,"Terry Pilkadaris",1.46849161393931,"6334",228,16.0099325379742,45.7647407960291,0.349831163893828,0,"AUS","Asian Tour",66,13.5740436129048,32.9495994896979,0.411963842448188,0,1
716,"Motin Yeung",1.47191635252282,"24541",59,0,23.1333008132112,0,0,"HKG","PGA Tour China",51,0,18.4496716538039,0,0,1
717,"Ryan Spears",1.47326470962081,"14011",50,0,0.868438672453001,0,0,"USA","Web.com Tour",0,0,0,NA,0,NA
718,"Oliver Lindell",1.47457879912702,"20085",176,2.6312774061073,33.1108498429588,0.0794687366403207,0,"FIN","European Challenge Tour",58,2.14212098442331,23.0872316130027,0.0927837958370405,0,1
719,"Scott Wolfes",1.4771944444308,"20549",105,0,14.2423882206866,0,0,"USA","PGA Tour Canada",26,0,7.28707963857908,0,0,1
720,"Bryden MacPherson",1.47742135661372,"14378",146,0,37.290058348453,0,0,"AUS","PGA Tour China",69,0,32.7034166646977,0,0,1
721,"Chapchai Nirat",1.47878163730759,"9985",234,3.51923624582235,47.0750931520463,0.0747579242053899,0,"THA","Asian Tour",82,3.383412061258,38.2546674457619,0.0884444248810961,0,1
722,"Steven Ihm",1.48396910834507,"17641",111,0.462592360517969,35.7712817154305,0.0129319481532143,0,"USA","Web.com Tour",66,0.436130750694815,31.3042949110334,0.0139319780858919,0,1
723,"Paul Barjon",1.4903307037467,"16566",144,1.77058562,21.3873435293985,0.0827866077695064,0,"FRA","PGA Tour Canada",52,1.77058562,18.4400652539909,0.0960184031678955,0,1
724,"Hennie Otto",1.49151721159317,"5942",152,8.21399076570472,40.7940489949739,0.201352671972246,0,"RSA","Sunshine Tour",60,5.24413512544838,32.9299695169769,0.15925113816898,0,1
725,"Charlie Ford",1.49195119937698,"14400",202,16.6770777425221,21.3270965053273,0.781966628151017,1,"ENG","European Challenge Tour",42,12.3413582242249,12.3413582242249,1,0,1
726,"Edward Loar",1.49372539459459,"6938",112,0,42.259278263485,0,0,"USA","Web.com Tour",74,0,35.6137875956706,0,0,1
727,"Luke Guthrie",1.49581251986412,"15610",186,0.273257237975263,26.1256247762075,0.0104593570609694,0,"USA","Web.com Tour",44,0,13.7568729210115,0,0,1
728,"Shinji Tomimura",1.50513589124479,"14310",105,0,17.9089353877496,0,0,"JPN","Japan Golf Tour",27,0,15.0724203378125,0,0,1
729,"Moritz Lampert",1.50646368134676,"13438",207,0.173599560263215,38.5089233748064,0.00450803463326083,0,"GER","European Challenge Tour",69,0,31.0753383381216,0,0,1
730,"Brett Lederer",1.50907384001908,"13378",107,0,12.5875853562692,0,0,"USA","PGA Tour Canada",34,0,9.89134365628391,0,0,1
731,"Jose Toledo",1.51176861106541,"8670",181,0,37.3506253996111,0,0,"GUA","PGA Tour Latinoamerica",57,0,24.9330050752227,0,0,1
732,"Katsumasa Miyamoto",1.51298473648786,"5791",222,0,34.3681618896118,0,0,"JPN","Japan Golf Tour",51,0,21.7041839633019,0,0,1
733,"Connor Arendell",1.51618200390232,"16213",70,0,16.9016121183202,0,0,"USA","Web.com Tour",41,0,13.4194825969639,0,0,1
734,"Zach Foushee",1.51663380450057,"23464",72,0,13.244268707575,0,0,"USA","PGA Tour Canada",38,0,11.1839887077889,0,0,1
735,"Santiago Tarrio Ben",1.51776277950446,"20704",124,1.22691072561297,20.8056310573288,0.0589701279539313,0,"ESP","Alps Golf Tour",43,0.852390410337246,14.6318455129283,0.058255837213706,0,1
736,"Marcel Schneider",1.51912323404583,"12522",206,9.11165649964161,41.4161666020232,0.22000241082661,0,"GER","European Challenge Tour",71,5.69567654900978,29.7153061386724,0.19167483997741,0,1
737,"Soomin Lee",1.52028294208845,"14614",256,22.08576813075,47.3434740265241,0.466500792028411,0,"KOR","European Tour",70,12.7053208754756,32.9829815922636,0.38520837905254,0,1
738,"Lukas Nemecz",1.52443986280417,"13089",179,1.423888564832,40.8986162439878,0.0348150792275599,0,"AUT","European Challenge Tour",76,0.955721820837944,32.3435856013587,0.0295490374078314,0,1
739,"Josh Younger",1.52569219196915,"11828",173,2.87399791293276,37.4805267848213,0.0766797630522276,0,"AUS","PGA Tour Australasia",77,2.41099691651043,31.6452327818675,0.0761883135172232,0,1
740,"Simon Forsstrom",1.52637435208874,"19806",193,4.65926931013528,37.3685386564851,0.124684279280124,0,"SWE","European Challenge Tour",66,4.28689240440241,27.3465358222481,0.156761808232938,0,1
741,"Joel Girrbach",1.52793149308961,"15592",176,11.6007256155213,38.5200723919335,0.301160535148698,0,"SUI","European Challenge Tour",78,11.2684778187194,30.686801398756,0.367209266038924,0,1
742,"Tyson Alexander",1.53264047445126,"14002",131,0.674760608784853,33.8501235787391,0.0199337709126907,0,"USA","PGA Tour Latinoamerica",65,0.573681837554317,25.8294277434911,0.0222103967324202,0,1
743,"Dawie van der Walt",1.53377734093806,"9883",200,6.49979754480911,33.988460628966,0.191235420037523,0,"RSA","Web.com Tour",65,4.18917410017049,25.3740479313242,0.165096799356123,0,1
744,"Lee McCoy",1.53492726217961,"19871",160,0.627046451364649,36.8477447136421,0.0170172274107321,0,"USA","Web.com Tour",57,0,24.9551259874042,0,0,1
745,"Alex Kang",1.53989054513686,"17531",181,4.47591022380708,25.8924103148833,0.172865722788051,0,"USA","Web.com Tour",46,3.91253095140316,17.9744306596118,0.217672037879595,0,1
746,"Koichi Kitamura",1.54235776521347,"15176",133,0,32.164916642224,0,0,"JPN","Japan Golf Tour",56,0,25.4157359537989,0,0,1
747,"Brandon Matthews",1.54617662352536,"22981",139,0.121347140879184,39.6381628198531,0.00306137147250443,0,"USA","Web.com Tour",68,0,29.4771211741437,0,0,1
748,"Isidro Benitez",1.54790428766854,"20972",55,0,25.1028797265059,0,0,"MEX","PGA Tour Latinoamerica",42,0,22.9556295122969,0,0,1
749,"Rhys Enoch",1.54859599327993,"12287",217,4.7622605812537,50.8687812427066,0.0936185311484437,0,"WAL","European Challenge Tour",91,4.31322558075957,42.9121629899835,0.100512891456121,0,1
750,"Gregory Bourdy",1.554616485604,"7932",250,36.0338883345719,40.1282384216213,0.897968357244325,1,"FRA","European Tour",66,25.3697896224059,25.3697896224059,1,0,1
751,"Merrick Bremner",1.55590773150572,"10811",189,5.05578313059773,42.3395256628705,0.119410481138937,0,"RSA","Sunshine Tour",66,4.18917410017049,35.0328598783497,0.119578421936355,0,1
752,"Trevor Fisher-Jr",1.55594528751399,"7678",175,9.77290375042196,41.3081102099545,0.236585593016716,0,"RSA","Sunshine Tour",63,6.10455324173567,34.4478678618742,0.177211352128182,0,1
753,"Kosuke Hamamoto",1.55895494565089,"19843",42,0,29.3136118186682,0,0,"THA","Asian Tour",38,0,25.3136118186682,0,0,1
754,"Michael Johnson",1.55927095474596,"15120",180,0.239265564553837,41.0086346643319,0.00583451671854716,0,"USA","Web.com Tour",69,0,31.2370099308218,0,0,1
755,"Aksel Kristoffer Olsen",1.55982399190723,"17749",152,1.37743365721689,26.4845341350696,0.0520089819285494,0,"NOR","Nordic Golf League",53,1.37743365721689,20.5789146045339,0.0669342229017954,0,1
756,"Jimmy Gunn",1.56132292990724,"18163",186,0.0227234847299397,20.6745367718787,0.00109910490284106,0,"SCO","Web.com Tour",38,0,10.8899044087008,0,0,1
757,"Samuel Del Val",1.56535260846332,"15791",222,2.02762624605731,35.1140212664414,0.0577440627113568,0,"ESP","Web.com Tour",59,1.27858561550587,24.5187372707795,0.0521472864358981,0,1
758,"Jinichiro Kozuma",1.56614630796077,"14209",202,0,36.7164246102563,0,0,"JPN","Japan Golf Tour",53,0,24.3357606698512,0,0,1
759,"Jaeho Kim",1.56638657206895,"16197",159,0,28.3514000667173,0,0,"KOR","Korean Golf Tour",46,0,19.374792561989,0,0,1
760,"Joel Stalter",1.57246627297386,"17722",202,8.30370171094118,25.601203275067,0.324348102771722,0,"FRA","European Challenge Tour",46,4.04431921513405,17.5744343013915,0.230125143476955,0,1
761,"Toby Tree",1.57792452325718,"19357",180,1.85490606354512,33.7952724079123,0.0548865545794753,0,"ENG","European Challenge Tour",59,0,23.3637828588749,0,0,1
762,"Siddikur Rahman",1.57865561447118,"13766",188,9.67390569135778,41.074982259699,0.235518195240936,0,"BAN","Asian Tour",72,8.08859328883907,30.658498135971,0.263828751590049,0,1
763,"Craig Farrelly",1.57966095514293,"12979",96,0.130883340507691,14.6721180263638,0.00892054850380232,0,"ENG","EuroPro Tour",38,0,12.5042592494892,0,0,1
764,"Henric Sturehed",1.57977329103905,"20148",181,19.4760756829516,39.2754694637651,0.495883969023461,0,"SWE","Nordic Golf League",58,16.3524192285885,27.8922351293074,0.586271381722522,0,1
765,"Oliver Suhr",1.58086164207346,"12562",146,0.137070062592267,21.8063878187795,0.00628577569707458,0,"DEN","Nordic Golf League",38,0,12.9856508721199,0,0,1
766,"Yosuke Asaji",1.58091073125094,"12637",165,0,33.2291624240182,0,0,"JPN","Japan Golf Tour",57,0,22.673923318801,0,0,1
767,"Doyeob Mun",1.58295724753533,"17386",177,1.70478082067449,42.4497066224874,0.0401600141983407,0,"KOR","Korean Golf Tour",87,1.70478082067449,36.2130552257327,0.0470764151228833,0,1
768,"Maxwell McCardle",1.58705253931866,"13674",221,4.42427090170077,51.8236038565501,0.0853717335820052,0,"AUS","PGA Tour Australasia",96,4.12815147202542,44.3619010603834,0.093056234592074,0,1
769,"Jean-Baptiste Gonnet",1.58842791757925,"7979",73,0.0220417801880415,5.14608819960206,0.0042832107288301,0,"FRA","Alps Golf Tour",8,0,2.13264390277662,0,0,1
770,"Manav Shah",1.58966380943458,"21901",94,0.556471382427687,19.9872814432058,0.0278412741627175,0,"USA","PGA Tour Canada",16,0.556471382427687,13.4038994852277,0.0415156337930592,0,1
771,"Haydn McCullen",1.59082074442631,"19121",86,0.117706726652809,8.884322297063,0.0132488132146805,0,"ENG","EuroPro Tour",25,0,7.26625747052884,0,0,1
772,"Romain Wattel",1.59109426255934,"13165",225,39.6244744458008,39.6244744458008,1,1,"FRA","European Tour",57,26.5520303585407,26.5520303585407,1,0,1
773,"Greg Chalmers",1.5951072588528,"5625",173,12.1559746189013,13.52321401781,0.898896860087552,1,"AUS","PGA Tour",12,2.75801470229084,3.72084914611429,0.741232604168072,0,1
774,"Richard H. Lee",1.60294132921317,"15233",78,3.566855814886,11.6398045651204,0.306436056974217,0,"USA","Web.com Tour",27,2.86120561235232,9.34206129048726,0.306271338132389,0,1
775,"Matteo Manassero",1.60358883632992,"11460",233,38.3393772074971,40.3393772074971,0.950420652512496,1,"ITA","European Tour",65,28.0989557837651,28.0989557837651,1,0,1
776,"Michael Letzig",1.60742806488434,"7641",92,0,3.28558393411107,0,0,"USA","Web.com Tour",0,0,0,NA,0,NA
777,"Chris Wilson",1.60859187005417,"7432",89,1.14736367510863,5.06908546015787,0.226345301164621,0,"USA","Web.com Tour",8,1.14736367510863,2.29685697255655,0.49953640510386,0,1
778,"Mark Baldwin",1.60953893013072,"11569",139,0.0816699131258295,20.2111521553757,0.00404083411465027,0,"USA","Web.com Tour",45,0,12.9470047247318,0,0,1
779,"Reinier Saxton",1.61061569229047,"11564",176,1.17628237421014,20.395989130409,0.0576722397079722,0,"NED","European Challenge Tour",40,0.731976648536978,14.1409242788123,0.0517629989458129,0,1
780,"Gwanwoo Ma",1.61127006517218,"16157",97,0,4.37614102565104,0,0,"KOR","Korean Golf Tour",0,0,0,NA,0,NA
781,"Daniel Gaunt",1.61284718191316,"6132",97,0.142431046853494,13.6784246141228,0.0104128253707256,0,"AUS","European Challenge Tour",15,0,11.4140483785692,0,0,1
782,"Jbe' Kruger",1.61418413456624,"11978",296,16.6681045015908,57.648418764784,0.28913376739091,0,"RSA","Asian Tour",95,11.9832698994822,44.7803437858921,0.267601114381294,0,1
783,"Rod Pampling",1.61522361005841,"5668",225,36.863263860517,39.4622686404067,0.934139499085247,1,"AUS","PGA Tour",59,26.3073569300916,28.2330258177385,0.931793747504137,0,1
784,"Scott Fernandez",1.61828227474889,"15616",222,23.3702994672976,34.7717215402908,0.672106482856129,1,"ESP","European Challenge Tour",57,19.1458101326455,21.0858101326455,0.907994998162464,0,1
785,"Naoto Nakanishi",1.62310471798693,"11089",43,0,16.2395199627618,0,0,"JPN","Japan Golf Tour",17,0,11.3186330940585,0,0,1
786,"Jerome Lando-Casanova",1.62505022479744,"14040",185,0,30.5101211435627,0,0,"FRA","European Challenge Tour",66,0,23.5901000050208,0,0,1
787,"Shad Tuten",1.62536945494105,"22986",93,0,29.1478156405733,0,0,"USA","PGA Tour Latinoamerica",44,0,21.860168127916,0,0,1
788,"Jaewoong Eom",1.62659804663297,"13835",122,2.0466243890391,32.2150426626421,0.0635300847020903,0,"KOR","Korean Golf Tour",61,2.0466243890391,24.1803243213053,0.0846400718966297,0,1
789,"Sungkug Park",1.62737893407875,"15550",51,0,22.4355697757845,0,0,"KOR","Korean Golf Tour",43,0,17.6633629401644,0,0,1
790,"Paulo Pinto",1.62747581034828,"10964",63,0,23.9372988301548,0,0,"ARG","PGA Tour Latinoamerica",22,0,16.6409958114644,0,0,1
791,"Stephen Leaney",1.62848562010385,"4889",92,2.41451879632667,15.179703859813,0.159062312323424,0,"AUS","PGA Tour Australasia",23,2.08152708298631,10.8659695921957,0.191563860484327,0,1
792,"Jacques Blaauw",1.63231764553971,"13681",229,5.42520244294947,48.4291769401576,0.112023428555336,0,"RSA","Sunshine Tour",79,3.19751073640927,38.1283818959059,0.0838616950789778,0,1
793,"Jack Harrison",1.63421096830008,"18202",182,4.8285413979568,45.4599997742281,0.106215165462763,0,"ENG","Sunshine Tour",76,4.15654643959488,36.7840296826789,0.11299867022324,0,1
794,"Hyungsung Kim",1.63893973002155,"11131",273,0.329638672403357,43.1422568545328,0.00764073779252749,0,"KOR","Japan Golf Tour",72,0,28.6062896262334,0,0,1
795,"David Oh",1.63978498687483,"8547",193,0,36.317328998537,0,0,"USA","Japan Golf Tour",66,0,25.1316530007794,0,0,1
796,"David Bransdon",1.63992034776141,"5624",192,5.82543418936253,39.8028751474407,0.146357120378453,0,"AUS","Japan Golf Tour",64,5.31463394685485,29.7965334359608,0.17836416972052,0,1
797,"Paul McConnell",1.6430204092721,"19753",105,0.386103417810022,13.190555012485,0.0292712033303051,0,"USA","PGA Tour Canada",38,0,10.8782678852006,0,0,1
798,"Andres Gallegos",1.64330665458916,"19296",92,0,42.336158513073,0,0,"ARG","PGA Tour Latinoamerica",71,0,37.8329625075161,0,0,1
799,"Benjamin Alvarado",1.6450236132223,"12547",110,0,23.4661450287242,0,0,"CHI","PGA Tour Latinoamerica",46,0,19.7122112167546,0,0,1
800,"Sebastien Gros",1.64828905228624,"16650",177,22.1863311802744,28.0663311802744,0.790496308112669,1,"FRA","European Tour",49,14.5061157692496,18.3861157692496,0.788971197141637,0,1
801,"Chris Lloyd",1.64864644595324,"15201",103,1.99001863197999,12.9759161844971,0.153362475811732,0,"ENG","EuroPro Tour",8,1.61596568956226,6.06964752711658,0.266237155014821,0,1
802,"Pavit Tangkamolprasert",1.64994995838036,"11958",246,10.042643255099,53.7974497226013,0.186675080452371,0,"THA","Asian Tour",84,7.09692992507785,40.6505885439356,0.174583694339564,0,1
803,"Hennie Du Plessis",1.65013086766632,"19421",161,5.01270458552711,29.0190736856129,0.172738270002475,0,"RSA","Sunshine Tour",43,3.16586190565094,21.0867618312918,0.150135043539636,0,1
804,"Nicolas Geyger",1.65167805332672,"13607",196,10.846359575764,33.1722146887569,0.326971222076414,0,"CHI","European Challenge Tour",68,7.85832732713031,25.0448564792855,0.313770108190874,0,1
805,"Clodomiro Carranza",1.6519256260229,"7773",162,0,39.2563946636302,0,0,"ARG","PGA Tour Latinoamerica",57,0,28.4578291236615,0,0,1
806,"Davis Love IV",1.65279156770632,"21135",47,10.3847024735283,13.6042901081249,0.763340269208627,1,"USA","PGA Tour",23,8.58124165313184,11.114246409679,0.772093881746111,0,1
807,"Nicolai B Kristensen(May1992)",1.65473919891774,"18857",148,0,29.3003011879962,0,0,"DEN","Nordic Golf League",47,0,20.7945312622709,0,0,1
808,"Ryosuke Kinoshita",1.65508755914797,"14904",119,0,29.6127022436576,0,0,"JPN","Japan Golf Tour",57,0,21.6820300675089,0,0,1
809,"Tjaart Van Der Walt",1.65511443249505,"5937",76,1.96497005734795,4.10303383739914,0.478906617692804,0,"RSA","Sunshine Tour",0,0,0,NA,0,NA
810,"Han Lee",1.65596815325331,"7180",173,0,29.6113610669575,0,0,"USA","Japan Golf Tour",45,0,20.3025171274668,0,0,1
811,"Jaco Prinsloo",1.65968367315501,"18204",204,6.2034219831391,44.0101553382515,0.140954330550781,0,"RSA","Sunshine Tour",64,4.25345059150443,34.0756843466394,0.12482362931396,0,1
812,"Joseph Harrison",1.66041473406422,"19744",108,0,12.8918936736983,0,0,"USA","PGA Tour Canada",36,0,10.2805369129069,0,0,1
813,"Ryan Ruffels",1.66047668186737,"17169",134,3.69913982404056,28.455401905037,0.129997806264889,0,"AUS","PGA Tour Latinoamerica",33,2.49188250631506,17.7150024724695,0.140665095033864,0,1
814,"Tomoyo Ikemura",1.66116868963158,"18809",153,0,33.3705320928922,0,0,"JPN","Japan Golf Tour",58,0,23.5332565264451,0,0,1
815,"Chris Killmer",1.66453196286896,"15432",106,0,21.7787278476555,0,0,"USA","PGA Tour Canada",53,0,17.0499835853938,0,0,1
816,"Ashley Hall",1.66527983200227,"7708",117,5.27075896674662,21.2724860667136,0.247773530099714,0,"AUS","PGA Tour Australasia",27,4.12815147202542,15.4772480919491,0.266723867673401,0,1
817,"Nicolai Von Dellingshausen",1.66695332310903,"22231",174,1.64720947779155,37.8679948992151,0.0434987245080065,0,"GER","European Challenge Tour",70,1.43879964020282,27.903567999707,0.051563285391242,0,1
818,"Cormac Sharvin",1.66698761913074,"18915",166,4.92919292671565,31.4407811142301,0.156777050443085,0,"NIR","European Challenge Tour",62,4.79502081459893,23.7600692539523,0.201810052123536,0,1
819,"Daisuke Matsubara",1.66729031285528,"14958",97,0,31.2853775156158,0,0,"JPN","Japan Golf Tour",60,0,27.9160671424065,0,0,1
820,"Brad Brunner",1.66991756626538,"21502",104,0,12.0772211595461,0,0,"USA","PGA Tour Latinoamerica",30,0,8.01463908007846,0,0,1
821,"Hakhyung Kim",1.67156826330711,"18728",44,0,12.0904684865976,0,0,"KOR","Korean Golf Tour",8,0,7.6436,0,0,1
822,"Rikard Karlberg",1.67447093234487,"9398",111,3.62218628711306,5.56218628711306,0.651216284414142,1,"SWE","European Tour",2,0,1.94,0,0,1
823,"David Dixon",1.67670760175432,"7311",78,0.729562651939553,5.38217789061989,0.135551567927742,0,"ENG","European Tour",10,0,2.57186381745766,0,0,1
824,"Blake Adams",1.68040508430909,"12088",128,0,7.90521802263789,0,0,"USA","Web.com Tour",8,0,1.71835515773757,0,0,1
825,"Joakim Lagergren",1.68043609813296,"14780",218,36.4671465604236,36.4671465604236,1,1,"SWE","European Tour",65,27.6060458518362,27.6060458518362,1,0,1
826,"Chad Collins",1.68046493483951,"7744",138,15.2982229579594,23.4368729899337,0.652741641964353,1,"USA","PGA Tour",28,10.6088369969138,17.0021559653066,0.623970102295347,0,1
827,"Michael Buttacavoli",1.68067275980159,"15395",174,0,38.7768026972509,0,0,"USA","PGA Tour Latinoamerica",68,0,29.4926287734663,0,0,1
828,"Edoardo Raffaele Lipparelli",1.68160440213566,"17894",57,0.84609365634794,23.6392932128995,0.0357918339067026,0,"ITA","European Challenge Tour",43,0.84609365634794,22.8620151636083,0.0370087085627845,0,1
829,"Robin Sciot-Siegrist",1.68243386931977,"20131",170,1.23431357966154,33.9457870838069,0.0363613186111787,0,"FRA","European Challenge Tour",66,0.523583923726211,24.656903209248,0.0212347803486462,0,1
830,"Nicolas Echavarria",1.68254606144092,"22833",129,0,41.0396984275,0,0,"COL","PGA Tour Latinoamerica",62,0,31.611323357882,0,0,1
831,"Brad Elder",1.68276369999732,"6204",87,0,2.48077065232494,0,0,"USA","Web.com Tour",0,0,0,NA,0,NA
832,"Carlos Sainz Jr",1.68476158183982,"14519",154,0,18.5830160073261,0,0,"USA","Web.com Tour",41,0,10.8189951960313,0,0,1
833,"Philip Eriksson",1.68569096893009,"21938",95,3.12109884383707,34.9470419954627,0.0893093854479097,0,"SWE","Sunshine Tour",56,3.10158541431699,31.8552713131055,0.0973649034042595,0,1
834,"Ben Campbell",1.69588291764491,"14373",141,6.74160497668144,32.6540149797812,0.20645562209902,0,"NZL","PGA Tour Australasia",62,6.48856483464887,26.1731804026088,0.247908918016021,0,1
835,"Michael Putnam",1.69599580990153,"10180",96,1.34222455579503,9.4805968930842,0.141575954650508,0,"USA","Web.com Tour",25,0.492640113833992,6.60829312009979,0.0745487684763221,0,1
836,"Eric Steger",1.70062257290585,"19479",188,0,32.6540486110426,0,0,"USA","PGA Tour Latinoamerica",54,0,25.0683237022267,0,0,1
837,"Jean-Paul Strydom",1.70090449568766,"17138",164,6.92084765235815,35.1478671445753,0.196906618085539,0,"RSA","Sunshine Tour",56,5.4564717971339,28.3677827205857,0.192347489787219,0,1
838,"Kyle Wilshire",1.70249171692254,"19774",103,0,4.45675924977677,0,0,"USA","Web.com Tour",4,0,1.01575281202885,0,0,1
839,"Jordan Zunic",1.70283769698546,"15170",159,6.33901472391301,27.2531618627267,0.232597404875164,0,"AUS","PGA Tour Australasia",51,5.56825355084785,21.2764640770366,0.261709536447722,0,1
840,"Richard Green",1.70302641589362,"3877",141,9.25761855592783,16.3897012486313,0.564843642693054,1,"AUS","European Tour",31,6.32205944619316,11.6714000486741,0.541671043733211,0,1
841,"Rafael Becker",1.70634475818784,"17275",114,0,27.037873153445,0,0,"BRA","PGA Tour Latinoamerica",41,0,22.5475072451067,0,0,1
842,"S.S.P. Chawrasia",1.71110745344787,"7040",231,31.4682439318478,45.4859466133466,0.691823437233124,1,"IND","European Tour",66,20.8152912428274,31.6627943965316,0.657405375600945,0,1
843,"Jesse Smith",1.71298107367782,"10309",56,0,7.48940778551989,0,0,"USA","PGA Tour Canada",18,0,5.46634282018523,0,0,1
844,"Jonathan Thomson",1.7135334427353,"22210",138,21.9064514102354,32.2345659324283,0.679595048872593,1,"ENG","European Tour",52,17.8529180296821,21.2182543519324,0.841394288783994,0,1
845,"Mark Wilson",1.71590957963597,"4107",112,8.37175684166806,11.9149607423937,0.702625633660809,1,"USA","PGA Tour",21,4.93650058162866,6.30617816170281,0.782803856003918,0,1
846,"Jake Roos",1.71740227684684,"9879",190,6.28133749890766,43.1015878362169,0.145733320145335,0,"RSA","Sunshine Tour",65,4.22082293092882,33.7940582705408,0.124898374061461,0,1
847,"Darren Beck",1.72253416043739,"9905",125,4.38119161405798,23.7270379283327,0.184649749677618,0,"AUS","PGA Tour Australasia",39,4.12815147202542,18.5437385635458,0.222617001306346,0,1
848,"Craig Ross",1.72319101099583,"19906",68,3.71430764820499,30.459511630702,0.121942455717547,0,"SCO","EuroPro Tour",60,3.66259007860136,26.3843677881809,0.138816670083035,0,1
849,"Danny Walker",1.72615248871243,"25003",68,0,35.3554549417696,0,0,"USA","PGA Tour Canada",66,0,33.3554549417696,0,0,1
850,"Brian Richey",1.72630970178862,"16138",199,0,44.1283359023124,0,0,"USA","Web.com Tour",76,0,34.3102603390091,0,0,1
851,"Yujiro Ohori",1.72716476445241,"17802",230,0,34.8925752740391,0,0,"JPN","Japan Golf Tour",62,0,23.6201842509284,0,0,1
852,"Kunihiro Kamii",1.72760928156982,"8911",134,0,29.7412507149639,0,0,"JPN","Japan Golf Tour",53,0,19.5869889439508,0,0,1
853,"Travis Smyth",1.72800561472522,"19232",110,4.49686263514797,37.5495936060267,0.119757957498273,0,"AUS","PGA Tour Australasia",72,4.07694092636843,32.2257440631722,0.126511925322078,0,1
854,"Hyowon Park",1.72895076684333,"12277",209,21.9561549000658,48.0037979629445,0.457383703618917,0,"KOR","Korean Golf Tour",87,21.913075612423,41.6060320063243,0.526680256581356,1,1
855,"Hung Chien-Yao",1.73374587734254,"11738",182,2.24257865017877,32.8520845754483,0.0682629026182021,0,"TPE","Asian Tour",55,0.992612828683966,20.8300822970465,0.0476528519920783,0,1
856,"Jean Hugo",1.73608242714562,"6304",220,7.83514356978564,47.1575402195746,0.166148266709919,0,"RSA","Sunshine Tour",71,5.27676278602398,36.5313438840198,0.144444803420775,0,1
857,"Arjun Atwal",1.73991504471501,"5701",143,15.719874020294,24.3630614869994,0.645233934523479,1,"IND","Asian Tour",34,11.6762846871726,16.8495656247677,0.692972444940019,0,1
858,"James White",1.74265752620798,"15613",46,0,2.58345956504434,0,0,"USA","PGA Tour Canada",0,0,0,NA,0,NA
859,"Rakhyun Cho",1.7426938859521,"18340",139,15.6598509625402,27.5484654697231,0.568447305340873,1,"KOR","European Tour",50,12.500555281797,18.4271796708361,0.678375937343308,0,1
860,"Brian Davis",1.74377981940692,"5663",113,15.5297367120236,26.4965174563905,0.586104824439033,1,"ENG","Web.com Tour",47,13.9620565810827,19.955089905358,0.699673950220284,0,1
861,"Matteo Delpodio",1.74566668901401,"11121",108,0.234378774567522,3.40441605583756,0.0688455143917066,0,"ITA","European Challenge Tour",0,0,0,NA,0,NA
862,"Mark Brown",1.74893945796533,"3486",115,3.89731010745232,21.533773337218,0.180985935275746,0,"NZL","PGA Tour Australasia",38,3.43430911102998,16.0290710302712,0.214255031033565,0,1
863,"Horacio Leon",1.75172993306846,"13621",94,0,29.847556694495,0,0,"CHI","PGA Tour Latinoamerica",49,0,21.8789465169059,0,0,1
864,"Jack Davidson",1.75177779577817,"24052",53,0.55184863152384,14.8878220818506,0.0370671162302904,0,"WAL","European Challenge Tour",46,0,14.3359734503268,0,0,1
865,"Bernd Ritthammer",1.75196859267549,"12521",236,26.9271886406628,41.146583124665,0.654421013746863,1,"GER","European Challenge Tour",77,20.5583635568698,31.6927879913533,0.648676398001926,1,1
866,"Daniel Nisbet",1.75234054938024,"11823",164,11.1303556146793,35.4315183906931,0.314137133270668,0,"AUS","PGA Tour Australasia",55,8.22623056998527,27.4891751016089,0.299253453025725,0,1
867,"Martin Eriksson",1.75467085067264,"22091",111,0,30.1970618915916,0,0,"SWE","Nordic Golf League",63,0,26.4091016836179,0,0,1
868,"Blake Proverbs",1.7555616286163,"18157",92,3.64426996541975,25.163619737628,0.144822962809693,0,"AUS","PGA Tour Australasia",40,3.43430911102998,20.4084819780433,0.168278518447615,0,1
869,"David Smail",1.75731233901624,"4986",63,2.6209577709002,10.7698770910035,0.243360044757575,0,"NZL","PGA Tour Australasia",12,2.41099691651043,7.6761485280634,0.314089404041104,0,1
870,"Jinjae Byun",1.76000275827679,"13916",157,0,21.4612721055727,0,0,"KOR","Korean Golf Tour",50,0,16.1952081856999,0,0,1
871,"Borja Virto Astudillo",1.76132056509631,"17313",192,4.82046464924646,33.7679471328181,0.142752671054782,0,"ESP","European Challenge Tour",73,3.47890955962128,25.2949739409896,0.137533628923168,0,1
872,"Christopher Mivis",1.76175976288532,"11198",201,5.51524031511091,36.951917709766,0.149254508478549,0,"BEL","European Challenge Tour",58,4.37809531572419,24.9094805516657,0.175760201287354,0,1
873,"Ruaidhri McGee",1.76246661319329,"17818",125,2.64689813680932,23.8479234713043,0.110990717493466,0,"IRL","European Challenge Tour",48,2.50997046476504,16.5511585956493,0.151649230491019,0,1
874,"Nick Rousey",1.7686338067189,"14849",107,0,16.6864806674055,0,0,"USA","Web.com Tour",40,0,10.7356972150679,0,0,1
875,"Peter Whiteford",1.77022495598586,"7822",76,0.60647487728459,2.3340424201013,0.259838841000271,0,"SCO","European Challenge Tour",2,0.556471382427687,0.556471382427687,1,0,1
876,"Cristobal Del Solar",1.77098035748531,"17422",91,0,31.7841941547455,0,0,"CHI","PGA Tour Latinoamerica",49,0,24.0600019865186,0,0,1
877,"Sebastian Vazquez",1.77221027440587,"15487",111,1.46590682703354,6.69642398285026,0.218908902839452,0,"MEX","Web.com Tour",8,1.42658952434274,3.03061779851537,0.470725647107857,0,1
878,"Michael Schoolcraft",1.77293756865511,"19766",102,0.0566660453455178,13.2164518838259,0.00428753842889292,0,"USA","PGA Tour Canada",40,0,11.6664188072616,0,0,1
879,"Richard Taehoon Lee",1.77378747479848,"12413",166,9.6836635495926,33.238154110555,0.291341797061994,0,"CAN","Asian Tour",56,3.86157804417144,22.8885761629001,0.168712025452708,0,1
880,"Clement Berardo",1.77464146274623,"14970",89,4.31952152799884,14.703766870589,0.293769723501186,0,"FRA","European Tour",14,2.63927788408181,8.35535838779889,0.315878477210012,0,1
881,"Jacob Glennemo",1.7757274450361,"13447",149,0.688716828608443,30.6806077457014,0.0224479526063149,0,"SWE","Nordic Golf League",55,0.688716828608443,23.760124336429,0.028986246825001,0,1
882,"Jamie McLeary",1.77838577662931,"9240",104,1.57652472930038,8.47334451794983,0.186056960856565,0,"SCO","European Challenge Tour",16,1.11294276485537,5.16825679451643,0.215342001975641,0,1
883,"Christofer Blomstrand",1.77887557910273,"20167",185,22.3391475291239,32.4058696402842,0.689354977264793,1,"SWE","European Challenge Tour",54,19.225775334168,21.2657682652362,0.904071515045943,0,1
884,"Eunshin Park",1.78254611397653,"13221",143,1.43751823114621,31.1205987393569,0.0461918564994778,0,"KOR","Korean Golf Tour",58,1.43751823114621,22.1613628537742,0.0648659669818721,0,1
885,"Vaita Guillaume",1.78388661938578,"16432",71,0,2.42898561418112,0,0,"PYF","PGA Tour Canada",0,0,0,NA,0,NA
886,"Steven Tiley",1.78563740780619,"9311",211,5.77372908144254,35.4228373239085,0.162994540178903,0,"ENG","European Challenge Tour",66,3.65497820729849,25.5671577483801,0.142955984520026,0,1
887,"Jerry Kelly",1.78736573490302,"5151",60,5.04301737196887,5.04301737196887,1,1,"USA","PGA Tour",5,3.31003438991168,3.31003438991168,1,0,1
888,"Damien Jordan",1.78820853655313,"14353",130,3.85423081980952,27.896595221291,0.138161334357676,0,"AUS","PGA Tour Australasia",44,3.43430911102998,22.1353145676634,0.155150680173618,0,1
889,"Jack Maguire",1.79211858580426,"19869",143,0.791665787505939,22.5432857405253,0.0351175865230147,0,"USA","Web.com Tour",24,0,16.3555947563332,0,0,1
890,"Daniel Brooks",1.79389224136495,"12897",221,22.4780599947948,22.4780599947948,1,1,"ENG","European Tour",44,13.3402512379967,13.3402512379967,1,0,1
891,"Natipong Srithong",1.79485971761909,"8531",225,7.11181223171319,48.654260523649,0.146170389913878,0,"THA","Asian Tour",86,5.36863771862593,36.7249705524728,0.146184942774976,0,1
892,"Simon Khan",1.7949200098668,"6686",115,9.84241007354413,13.7510960780396,0.715754585502635,1,"ENG","European Tour",32,6.61659426703894,9.61501522542338,0.6881522402111,0,1
893,"Naoki Sekito",1.79551037630226,"19730",58,0,24.2676169163769,0,0,"JPN","Asian Development Tour",45,0,22.5623206255058,0,0,1
894,"Ben Eccles",1.79575408477855,"17163",192,4.53395496495967,34.1229994748569,0.132870938508804,0,"AUS","European Challenge Tour",56,3.43430911102998,23.6028500507759,0.1455040007305,0,1
895,"Roope Kakko",1.79597496348613,"9199",132,2.59347513265748,21.9300676229795,0.11826115528891,0,"FIN","European Challenge Tour",47,0.648013664037684,14.7925419598122,0.043806782214861,0,1
896,"Hongtaek Kim",1.79691648981168,"17973",113,0,34.0133714135706,0,0,"KOR","Korean Golf Tour",62,0,26.7902577051668,0,0,1
897,"Chris Hanson",1.79791235990565,"12295",231,26.3222230816112,35.1483264226462,0.748889798196814,1,"ENG","European Tour",51,15.8561721462679,20.6573777586202,0.767579134754952,0,1
898,"Matt Gilchrest",1.79836548265662,"22261",101,0.258839726223081,30.3460684018825,0.00852959674364355,0,"USA","PGA Tour Latinoamerica",52,0,25.7797825557482,0,0,1
899,"Russell Budd",1.80343378636579,"18874",106,0.591424574798265,29.6835464380681,0.0199243232621215,0,"CAN","PGA Tour Latinoamerica",45,0.591424574798265,21.7881333785148,0.0271443434150016,0,1
900,"Will Collins",1.80379361130145,"16145",128,0,28.5977606434466,0,0,"USA","PGA Tour Latinoamerica",47,0,23.631121715171,0,0,1
901,"Sejun Yoon",1.80423972955345,"16349",119,0,30.4091699452903,0,0,"USA","PGA Tour China",60,0,27.3358071468227,0,0,1
902,"Allen John(Am)",1.80503444341493,"10255",85,1.2436103832824,36.2578844120193,0.034299033257168,0,"GER","ProGolf Tour",55,1.18284914959653,30.9441474572965,0.0382252944996751,0,1
903,"Mathiam Keyser",1.80651425477807,"18218",198,0,45.8089848917396,0,0,"RSA","Asian Development Tour",77,0,37.2718694282391,0,0,1
904,"Taylor Pendrith",1.80870819552924,"17780",101,1.47484825378986,14.727069714299,0.100145397720083,0,"CAN","PGA Tour Canada",42,1.47484825378986,12.9483680088052,0.113902250290301,0,1
905,"Cesar Costilla",1.81008860622434,"10868",75,0.0964813188598692,16.7770225402438,0.00575080105116595,0,"ARG","PGA Tour Latinoamerica",18,0,14.1250252648409,0,0,1
906,"Antoine Schwartz",1.81177028170674,"15512",136,0,33.8147964517898,0,0,"FRA","ProGolf Tour",54,0,28.7030429665208,0,0,1
907,"Sunil Richard Jung Bell",1.81181460181971,"24113",87,0,30.1865058145437,0,0,"CAN","PGA Tour China",53,0,21.8086139751255,0,0,1
908,"Ian Davis",1.81453192614976,"18589",97,0,10.5270812770843,0,0,"USA","Web.com Tour",32,0,8.77829898623628,0,0,1
909,"Steven Jeffress",1.81699953347527,"7481",159,3.88035155162713,38.3609800718532,0.101153608285266,0,"AUS","PGA Tour Australasia",76,3.7986816385013,33.0174723420072,0.115050649521355,0,1
910,"Jason Bohn",1.8175988146644,"6462",138,12.7602932138213,20.1286769355809,0.633936013512405,1,"USA","PGA Tour",28,8.69685746093922,16.0652411826989,0.541346212113212,0,1
911,"Michael Palmer",1.81781031194087,"21201",170,4.48467436776697,41.0700291200027,0.109195792256762,0,"RSA","Sunshine Tour",66,4.22082293092882,35.3203032381084,0.119501322015118,0,1
912,"Suradit Yongcharoenchai",1.81984042414645,"18150",261,6.06295182138559,55.4987271649353,0.109244880578383,0,"THA","Asian Tour",94,4.37602488994196,42.1360068916721,0.103854760162545,0,1
913,"Niall Kearney",1.82034048592427,"14396",106,0,14.2010444925103,0,0,"IRL","EuroPro Tour",38,0,11.5662464989065,0,0,1
914,"Jeremy Paul",1.82051349670103,"22087",97,0.0427610535648006,15.777171279519,0.00271031180477267,0,"GER","PGA Tour Canada",39,0,11.0724702166831,0,0,1
915,"Colin Featherstone",1.82104117320997,"18257",112,0,12.917595723318,0,0,"USA","PGA Tour Latinoamerica",21,0,6.98543801866199,0,0,1
916,"Jaemin Hwang(Nov1986)",1.8212118899902,"15525",158,0,31.3473293981747,0,0,"KOR","Korean Golf Tour",63,0,24.6116390525736,0,0,1
917,"Bryce Easton",1.82197949370889,"15181",202,8.57492045666237,48.1228489561126,0.178188129810905,0,"RSA","Sunshine Tour",84,7.45275431005334,38.9458419443782,0.191362002667634,0,1
918,"Jared Du Toit",1.82365360286845,"22086",115,0.761073309321704,21.8904257057823,0.0347674056023802,0,"CAN","PGA Tour Canada",48,0.591424574798265,14.6343470442308,0.0404134583531979,0,1
919,"Nick McCarthy",1.82654948764662,"15172",123,3.34963810577733,22.0757047255428,0.151734141556152,0,"ENG","EuroPro Tour",43,3.23193137912452,17.3035280254125,0.186778752539829,0,1
920,"Song-Gyu Yoo",1.82931113594501,"18823",164,0,29.1229925105827,0,0,"KOR","Korean Golf Tour",47,0,19.8888452808001,0,0,1
921,"Doug Letson",1.83149917081717,"19746",97,0,11.9643977915637,0,0,"USA","Web.com Tour",38,0,10.2078880471287,0,0,1
922,"Lee Chieh-po",1.83926389087838,"16563",137,2.09121454461415,28.5853656873445,0.0731568232321054,0,"TPE","Asian Tour",51,0,20.898979166126,0,0,1
923,"Benjamin Griffin(May1996)",1.84104011731279,"24968",48,3.91253095140316,16.8332602995602,0.232428589695448,0,"USA","PGA Tour Canada",48,3.91253095140316,16.8332602995602,0.232428589695448,0,1
924,"Hyungseok Seo",1.84199124742642,"17499",142,0,30.2260070450381,0,0,"KOR","Korean Golf Tour",53,0,21.476517118566,0,0,1
925,"Trevor Simsby",1.84247096711936,"19363",50,0,27.7730882857653,0,0,"USA","Asian Development Tour",32,0,24.0949572483387,0,0,1
926,"Antonio Lascuna",1.84347499674627,"6472",106,0.990828679426306,6.54506973645135,0.151385503795032,0,"PHI","Asian Tour",4,0,1.60402827417263,0,0,1
927,"Enrico Di Nitto",1.84533724989012,"17652",157,1.43296021256598,36.189832134198,0.0395956578978406,0,"ITA","European Challenge Tour",60,0.886571911280373,27.7960375118812,0.0318956222051944,0,1
928,"Edouard Dubois",1.84583442472597,"10624",141,0.335536874344633,25.3141368800772,0.0132549205976961,0,"FRA","European Challenge Tour",50,0,21.7687391856879,0,0,1
929,"Ricardo Santos",1.84665651541854,"8816",174,1.64292437170585,21.2630101954999,0.0772667819184681,0,"POR","European Challenge Tour",43,1.13192265237677,13.5487612173686,0.0835443649952085,0,1
930,"Taewoo Kim(Jan1993)",1.84820758415701,"17384",181,0,35.1993376838839,0,0,"KOR","PGA Tour China",65,0,28.4502933417391,0,0,1
931,"Yuta Kinoshita",1.85174033620853,"10189",120,0,33.7910736447363,0,0,"JPN","Japan Golf Tour",64,0,25.9455384775445,0,0,1
932,"Steve Lewton",1.85481698297009,"12838",216,1.3575834846801,46.5963958720818,0.0291349461534962,0,"ENG","Asian Tour",78,1.02331219451955,37.5497966209829,0.0272521368051225,0,1
933,"Mingyu Cho",1.85537202823923,"12096",207,0,31.2073530123221,0,0,"KOR","Japan Golf Tour",52,0,19.3760285294341,0,0,1
934,"Sungyeol Kwon",1.85606597711627,"14759",132,0,26.0770511759681,0,0,"KOR","Korean Golf Tour",55,0,20.44245903823,0,0,1
935,"Jason Millard",1.85651964936756,"17567",72,0,1.94088308998206,0,0,"USA","Web.com Tour",2,0,0.710017349080869,0,0,1
936,"Settee Prakongvech",1.85771300878366,"18236",139,1.02331219451955,37.5739543212494,0.0272346153873092,0,"THA","Asian Tour",70,1.02331219451955,33.493927020517,0.0305521712605606,0,1
937,"Sean Harlingten",1.86458394844327,"8202",139,0,16.8537683959186,0,0,"USA","PGA Tour Canada",37,0,9.90168595930029,0,0,1
938,"Ryann Ree",1.86785729399738,"24115",77,0,23.8636596948654,0,0,"USA","PGA Tour China",47,0,19.4857678554472,0,0,1
939,"Brian Hughes",1.86886498156221,"18436",72,0,17.9158636433422,0,0,"USA","PGA Tour Latinoamerica",18,0,13.9068205653075,0,0,1
940,"Duncan Stewart",1.86995594925726,"12472",227,11.6051429080219,32.93682223032,0.352345554980065,0,"SCO","European Challenge Tour",60,7.03834073356424,21.1780229143422,0.332341728122209,0,1
941,"Ryan McCarthy",1.87006070757325,"15165",81,1.16266178521699,3.23281308647627,0.359643986248607,0,"AUS","PGA Tour Latinoamerica",0,0,0,NA,0,NA
942,"James Beck III",1.87221853779554,"21427",91,0,16.4075818457638,0,0,"USA","PGA Tour Latinoamerica",24,0,9.82706888699597,0,0,1
943,"Chase Koepka",1.87278766592841,"21997",159,21.7363771162657,27.6023024305304,0.78748420248535,1,"USA","European Challenge Tour",54,18.3141170675365,18.3141170675365,1,0,1
944,"Charlie Netzel",1.87292552871608,"24511",62,0,23.9828287294228,0,0,"USA","PGA Tour China",54,0,22.6360792853904,0,0,1
945,"S.K. Ho",1.87481344899731,"7307",73,0,1.43556014586741,0,0,"KOR","Japan Golf Tour",0,0,0,NA,0,NA
946,"Liam Johnston",1.87537258290374,"22631",114,25.5175920745147,43.397476945103,0.587997134183491,1,"SCO","European Challenge Tour",81,23.188481223775,36.8178115601603,0.629816934824739,1,1
947,"Dan Woltman",1.87993877406851,"13288",88,0,4.93000708769163,0,0,"USA","Web.com Tour",4,0,1.00144483414518,0,0,1
948,"Simon Hawkes",1.88093853664744,"16959",58,3.43430911102998,16.8572386442899,0.203729043854599,0,"AUS","PGA Tour Australasia",30,3.43430911102998,14.0262618272456,0.244848495866443,0,1
949,"Filip Mruzek",1.88170225031864,"14883",117,1.13557065523958,18.9872601042338,0.0598069784163521,0,"CZE","European Challenge Tour",32,0.66805532375019,10.2210280747937,0.0653608735698217,0,1
950,"Julien Quesne",1.8833788691059,"9131",153,9.3794452653079,12.2671102596696,0.764601040242102,1,"FRA","European Tour",18,3.90238356392903,5.70837463825452,0.683624290840568,0,1
951,"John Tomlinson",1.8837690616591,"21906",95,0,10.3958642342046,0,0,"USA","PGA Tour Canada",28,0,7.96597930726951,0,0,1
952,"Tyler Aldridge",1.88439088126341,"11677",81,1.72809782829409,3.16411461561282,0.546155256123488,1,"USA","PGA Tour",0,0,0,NA,0,NA
953,"Ricardo Gonzalez",1.88606052025607,"5054",99,6.51865508432464,22.2339222945882,0.293185115876351,0,"ARG","European Tour",30,4.20005698302357,18.048591124787,0.232708301384002,0,1
954,"Birgir Hafthorsson",1.88762626880955,"6166",133,7.58094101745581,16.7990531817628,0.451271922020327,0,"ISL","European Challenge Tour",39,6.57004450433892,11.4200347606449,0.575308625765333,0,1
955,"Terumichi Kakazu",1.88802983990107,"17899",67,0,27.3836848560302,0,0,"JPN","Japan Golf Tour",47,0,22.4624249916345,0,0,1
956,"Marco Iten",1.89020060356099,"15593",165,4.36610226948135,34.5953632532603,0.126204839576873,0,"SUI","European Challenge Tour",74,3.6942389093597,26.8205620188476,0.137739056577698,0,1
957,"Sam Love",1.89191839277706,"18632",93,0,19.0716816045686,0,0,"USA","Web.com Tour",22,0,16.6178777478359,0,0,1
958,"Ryan Williams",1.89246496720262,"13191",113,0.121347140879184,9.52626955840558,0.0127381594794483,0,"CAN","PGA Tour Canada",24,0,6.35160056631639,0,0,1
959,"Max Marsico",1.89607939038209,"22204",95,0,15.0654509685419,0,0,"USA","Web.com Tour",35,0,9.29423857058308,0,0,1
960,"Alvaro Quiros",1.89726189081517,"7886",162,37.2809245543849,37.360144370117,0.99787956344742,1,"ESP","European Tour",60,30.4446660404646,30.4446660404646,1,0,1
961,"James Love",1.89893683043224,"8130",96,0,11.2196199464813,0,0,"CAN","PGA Tour Canada",28,0,8.4144833369934,0,0,1
962,"Scott Pinckney",1.90185002018231,"15477",130,0.369513548319618,29.7201203983892,0.01243311074674,0,"USA","Web.com Tour",66,0,26.1092703218725,0,0,1
963,"Ryutaro Nagano",1.90361457200894,"10523",234,0,36.5030739782823,0,0,"JPN","Japan Golf Tour",54,0,24.8968699883003,0,0,1
964,"Daniel Chopra",1.90458411505514,"2035",137,8.20783219497102,19.1592328698841,0.428400878610996,0,"SWE","Asian Tour",26,6.95392923768565,12.8812628028247,0.539848409595427,0,1
965,"Zander Lombard",1.90568331767893,"16897",242,40.7625841517626,53.5410324908705,0.761333546541397,1,"RSA","European Tour",91,32.3049097091566,43.6042896735534,0.74086540455101,1,1
966,"Richard Mansell",1.90786813890946,"24185",41,0,13.0426075878635,0,0,"ENG","EuroPro Tour",39,0,12.8623070581339,0,0,1
967,"Khalin Joshi",1.91032933072016,"15156",184,17.1679393000339,49.6353636294214,0.345881203333374,0,"IND","Asian Tour",86,10.6788423175479,38.7686612283932,0.275450376133365,0,1
968,"Peter Wilson",1.91127147593422,"7944",96,1.23327304890932,19.0614755172012,0.0646997682732594,0,"AUS","PGA Tour Australasia",32,1.02331219451955,15.3070242854851,0.0668524577628006,0,1
969,"David Borda Antonana",1.91367651918254,"13112",141,12.7821997620317,32.9518744892376,0.387905087651583,0,"ESP","Alps Golf Tour",59,12.7821997620317,24.4682950318244,0.522398464846311,0,1
970,"John Young Kim",1.91488723025975,"17232",75,0,14.053236790255,0,0,"USA","PGA Tour Latinoamerica",23,0,12.5483982498368,0,0,1
971,"Minkyu Kim(March2001)",1.91647198429884,"20780",124,3.14755870501468,31.6832133708581,0.0993446803571309,0,"KOR","European Challenge Tour",72,3.14755870501468,25.6991194977555,0.122477297531131,0,1
972,"Bill Lunde",1.91820085697968,"7962",53,0.727233472348692,1.2548989006176,0.579515586467392,1,"USA","Web.com Tour",0,0,0,NA,0,NA
973,"Brad Fritsch",1.91989488946445,"7207",131,4.40520045427641,25.09408631027,0.175547354058216,0,"CAN","Web.com Tour",37,1.88745190287363,19.8422567324577,0.0951228445596193,0,1
974,"Garth Mulroy",1.92313818086211,"8065",91,4.3748952562958,17.8230384493154,0.245462930955179,0,"RSA","Sunshine Tour",29,3.16586190565094,14.4063308026069,0.219754908382228,0,1
975,"Charlie Beljan",1.92386175878171,"13118",49,9.22695295439554,9.64248068796533,0.956906552679084,1,"USA","PGA Tour",14,6.95392923768565,6.95392923768565,1,0,1
976,"Adam Webb",1.92446001192033,"18373",104,0,11.6531859789142,0,0,"USA","PGA Tour Canada",32,0,8.85464167934617,0,0,1
977,"Brett Rumford",1.92558076912274,"6255",179,21.1065018403023,22.6414663896114,0.932205603519859,1,"AUS","European Tour",37,12.0170789154841,12.0170789154841,1,0,1
978,"Andrew Martin",1.92641990384009,"9774",149,2.50144879176586,39.783635009558,0.0628763256842892,0,"AUS","PGA Tour Australasia",83,2.08152708298631,34.5727438954273,0.0602071704022782,0,1
979,"Benjamin Polland",1.92777912278281,"20344",121,0.114382038096634,38.9110400729982,0.00293957801904164,0,"USA","PGA Tour Latinoamerica",64,0,31.258322632619,0,0,1
980,"Chris Gane",1.92995766511161,"6570",63,0.0922518653752869,10.6897443275899,0.0086299412360301,0,"ENG","EuroPro Tour",33,0,9.71691479702464,0,0,1
981,"Lin Wen-Tang",1.93323801303049,"6433",125,4.83465514611026,23.0757766723503,0.209512131043598,0,"TPE","Asian Tour",36,4.32450084839996,16.043382719572,0.269550438582028,0,1
982,"Liu Yanwei",1.93583306035417,"16156",259,12.9315358154181,53.2711734253357,0.242749220336639,0,"CHN","Asian Tour",86,8.96815916795696,39.3595023436473,0.22785245325655,0,1
983,"Taehoon Ok",1.93685424243948,"21072",44,0,16.8777619521914,0,0,"KOR","Korean Golf Tour",34,0,15.88173408313,0,0,1
984,"Filippo Bergamaschi",1.93896031152281,"15266",170,16.9950463548563,36.3935100989578,0.46698013763017,0,"ITA","European Challenge Tour",72,16.7879475904157,30.4218983572954,0.551837607017377,1,1
985,"Zach Zaback",1.93956314864201,"22988",77,2.163487549898,15.1722908103831,0.142594653433444,0,"USA","PGA Tour Canada",40,1.7174680514,12.9681216507382,0.132437688175314,0,1
986,"Mike Van Sickle",1.94006913279422,"14083",50,0,8.02217232529058,0,0,"USA","Web.com Tour",22,0,6.18824226939212,0,0,1
987,"Lorens Chan",1.94166488633758,"13740",76,0,15.1513058345107,0,0,"USA","PGA Tour Canada",40,0,12.7913478234837,0,0,1
988,"Daniel Miernicki",1.94445868837852,"14798",77,0.101078771230536,4.07273572319249,0.0248183967977435,0,"USA","PGA Tour Canada",0,0,0,NA,0,NA
989,"Matt Stieger",1.94735561321953,"14377",131,4.82199383302086,31.0488779573264,0.155303320127967,0,"AUS","PGA Tour Australasia",62,4.82199383302086,25.1726187262504,0.191557099619215,0,1
990,"Matt Ryan",1.94786573213482,"18261",141,0,38.1255694111898,0,0,"USA","PGA Tour Latinoamerica",63,0,28.4598842635202,0,0,1
991,"Thaworn Wiratchant",1.94803432879724,"3602",103,0.934696341047939,18.079600645446,0.0516989484103112,0,"THA","Asian Tour",22,0,12.8976642327976,0,0,1
992,"Sungho Lee",1.95122538024972,"13924",177,0,37.3222504908639,0,0,"KOR","Korean Golf Tour",73,0,28.3170754504912,0,0,1
993,"Kevin Lucas",1.95255331993584,"18713",78,0,30.9950997603927,0,0,"USA","Web.com Tour",40,0,25.0152908909532,0,0,1
994,"Micah Lauren Shin",1.95886622853582,"18577",140,13.3673631542306,27.3559109259637,0.488646245062287,0,"USA","Asian Tour",30,7.03458172848393,15.9028762792593,0.442346504176639,0,1
995,"Steve Allan",1.96107624222829,"5697",128,2.71530445040478,12.6370287575648,0.214868898575493,0,"AUS","Web.com Tour",14,2.0466243890391,7.94857765985999,0.257483096551283,0,1
996,"Bobby Gates",1.96570896480092,"13433",51,1.27045695359553,3.66057709570831,0.347064662313771,0,"USA","Web.com Tour",2,0,0.477860910418972,0,0,1
997,"Jorge Fernandez-Valdes",1.96850596075983,"16786",160,0,32.7072318914456,0,0,"ARG","PGA Tour Latinoamerica",42,0,22.5611971758461,0,0,1
998,"Daniel Fox",1.9698225698611,"10112",174,4.57788066061786,37.0149360998321,0.123676578780819,0,"AUS","PGA Tour Australasia",60,3.43430911102998,29.2630243770299,0.11736001948335,0,1
999,"Cao Yi",1.97173272516009,"15067",158,1.00120546207168,20.626452074756,0.0485398777474204,0,"CHN","PGA Tour Canada",39,0,12.7745817868388,0,0,1
1000,"Jeongmin Park",1.97475028464664,"21740",104,0,27.1324139423965,0,0,"KOR","Korean Golf Tour",48,0,19.6138406739465,0,0,1
1001,"Toru Nakajima",1.97500783271541,"12290",110,0,22.5619752441211,0,0,"JPN","Japan Golf Tour",44,0,17.5371491689166,0,0,1
1002,"Keenan Davidse",1.97639339751454,"13725",199,6.01971708413097,44.0865426072923,0.136543188195829,0,"RSA","Sunshine Tour",67,4.25345059150443,35.2121189899205,0.120795076056683,0,1
1003,"Trevor Cone",1.97655059168221,"21880",155,0,39.8674694922909,0,0,"USA","PGA Tour Canada",70,0,32.6980098880336,0,0,1
1004,"Pontus Widegren",1.97754806409037,"11661",184,13.9069442767445,23.5909649452098,0.589502985954304,1,"SWE","European Challenge Tour",36,7.74122710355175,15.3555562203345,0.504131989260049,0,1
1005,"Mikael Lundberg",1.9798488124154,"4718",174,5.97259225849951,25.1015078811371,0.237937588721022,0,"SWE","European Challenge Tour",55,5.18298198468055,18.4890915898989,0.280326481129671,0,1
1006,"Frederik Dreier",1.98117781499099,"24022",71,2.65601927272276,25.0018267704479,0.106233008376098,0,"DEN","Nordic Golf League",54,2.65601927272276,22.5121269826053,0.117981711580386,0,1
1007,"Junsub Park",1.98405806830029,"13927",148,0,28.3042295332419,0,0,"KOR","Korean Golf Tour",56,0,21.9978100311273,0,0,1
1008,"Matt F Hansen",1.9868990785512,"19743",72,0,2.59250441453874,0,0,"USA","PGA Tour Canada",0,0,0,NA,0,NA
1009,"Daniel Summerhays",1.98804568954303,"12424",229,12.9270217732945,34.7950895957049,0.371518565507307,0,"USA","PGA Tour",52,5.38415120527353,24.3412599352584,0.221194433632195,0,1
1010,"Scott Henry",1.99073931284308,"12468",228,2.75228315621137,42.2337348015737,0.0651678846103095,0,"SCO","European Challenge Tour",75,0,31.6090515815747,0,0,1
1011,"Christian Brand",1.99264706107356,"15625",135,0.110750259107628,40.9345366794339,0.0027055456856623,0,"USA","Web.com Tour",78,0,33.5630215611478,0,0,1
1012,"Jack McDonald",1.99319378049772,"16372",152,0,31.3508608193284,0,0,"SCO","European Challenge Tour",68,0,26.63611777979,0,0,1
1013,"Zack Byrd",1.99757948729439,"15465",47,1.0325440629593,4.54560822169971,0.227152014119952,0,"USA","Sunshine Tour",0,0,0,NA,0,NA
1014,"Yushi Ito",1.99766800334908,"15495",45,0,9.671885367854,0,0,"JPN","Japan Golf Tour",15,0,7.7074276421935,0,0,1
1015,"Martin Ovesen",1.9996093237151,"19847",205,0.360939905316142,30.0418448619953,0.0120145719070919,0,"DEN","European Challenge Tour",62,0,20.406365085957,0,0,1
1016,"Andrew Yun",2.00357310796422,"15614",161,8.39648723477033,13.1353239837071,0.639229549662057,1,"USA","Web.com Tour",18,4.85482069062723,4.85482069062723,1,0,1
1017,"Sungho Yun",2.00510289502696,"17974",69,0,25.3061112903458,0,0,"KOR","Korean Golf Tour",49,0,19.8585557665478,0,0,1
1018,"Curtis Griffiths",2.00669439443118,"19991",82,0,2.79641529141626,0,0,"ENG","European Challenge Tour",0,0,0,NA,0,NA
1019,"Michael Wright",2.00684241533036,"6535",143,3.89731010745232,27.7620881002732,0.140382455864837,0,"AUS","PGA Tour Australasia",44,3.43430911102998,21.6215936522281,0.158837001854212,0,1
1020,"Lu Wei-chih",2.01434929018752,"8170",175,3.92716979199589,35.5267316487028,0.110541263148795,0,"TPE","Asian Tour",66,2.65855683854197,25.2636320032218,0.105232566647699,0,1
1021,"Chinnarat Phadungsil",2.02175464756141,"9984",193,0.0888232734902899,38.104057405122,0.00233107127007294,0,"THA","Asian Tour",70,0,32.1625984250823,0,0,1
1022,"Shotaro Wada",2.02513679895328,"17829",124,0,27.1581785876635,0,0,"JPN","Japan Golf Tour",41,0,19.498184233416,0,0,1
1023,"Christopher Wood",2.02564792653031,"16012",139,3.85423081980952,27.3021990601837,0.141169244693933,0,"AUS","PGA Tour Australasia",46,3.43430911102998,22.3313074015933,0.153788985538077,0,1
1024,"Brad Gehl",2.02783806818117,"18791",151,0,26.2140565344189,0,0,"USA","PGA Tour Latinoamerica",41,0,19.9609331275611,0,0,1
1025,"Dawson Armstrong",2.0386918330882,"24906",60,2.23536691111433,25.4089720018981,0.0879754958582085,0,"USA","PGA Tour Canada",58,2.23536691111433,23.4089720018981,0.095491887082144,0,1
1026,"Victor Lange",2.03979031037495,"24587",70,0,35.9046906444031,0,0,"RSA","PGA Tour Latinoamerica",67,0,35.3255355176881,0,0,1
1027,"Matthew Picanso",2.04119636421048,"23479",90,0,16.6089808504349,0,0,"USA","PGA Tour Canada",44,0,12.8082677050786,0,0,1
1028,"Tatsuya Kodai",2.04185264235395,"11197",187,0.252062317997912,36.5021431325279,0.00690541147358808,0,"JPN","Japan Golf Tour",61,0,22.6841694865328,0,0,1
1029,"Paul McKechnie",2.04405259350921,"7826",55,0,6.81671765449919,0,0,"SCO","EuroPro Tour",20,0,6.08816933157485,0,0,1
1030,"Alex Wrigley",2.04483555071528,"18747",73,0,4.35494695628355,0,0,"ENG","EuroPro Tour",6,0,1.91665707036487,0,0,1
1031,"Toru Taniguchi",2.04562888331126,"3750",181,0.0207391109789283,33.8231600092005,0.000613163021234174,0,"JPN","Japan Golf Tour",57,0,23.0252009958906,0,0,1
1032,"Craig Lee",2.04593885229341,"4398",87,1.91924639040911,2.91202230818311,0.659076815797674,1,"SCO","European Tour",0,0,0,NA,0,NA
1033,"Ockie Strydom",2.04678485803119,"13731",202,7.78409096918111,43.7294942879887,0.178005510832518,0,"RSA","Sunshine Tour",65,5.4564717971339,32.9752006009483,0.165471981904395,0,1
1034,"Ake Nilsson",2.04764288910816,"9493",155,0.785083726629951,23.1341401287793,0.0339361533326797,0,"SWE","Nordic Golf League",43,0.648013664037684,15.0197475300982,0.0431441116263188,0,1
1035,"Masamichi Uehira",2.04781823891735,"7420",80,0,13.5990053624546,0,0,"JPN","Japan Golf Tour",22,0,11.1034442090467,0,0,1
1036,"Oscar Lengden",2.05112154042279,"20410",199,5.32173991477635,35.2945442110614,0.150780808584815,0,"SWE","European Challenge Tour",64,4.18765319996246,26.0578031121719,0.160706302904191,0,1
1037,"Andy Winings",2.05584848169056,"14807",48,0,0.91615600966831,0,0,"USA","Web.com Tour",0,0,0,NA,0,NA
1038,"Jonas Kolbing",2.05636294671996,"12360",164,2.32418740720215,32.7846247643029,0.0708926035881553,0,"GER","ProGolf Tour",51,2.19860196162538,21.4570894985651,0.102465059940791,0,1
1039,"Justin Shin",2.05823448272858,"17618",167,0,28.8194321599944,0,0,"CAN","PGA Tour China",56,0,23.4975278878574,0,0,1
1040,"Hanmil Jung",2.05940850945314,"23123",95,0,22.6361401200303,0,0,"KOR","Korean Golf Tour",49,0,19.5529102734473,0,0,1
1041,"Simon Yates",2.06001744898478,"5877",72,1.54497346167719,11.3994603328439,0.135530403770592,0,"SCO","Asian Tour",30,0.992612828683966,8.66307124131373,0.114579783662663,0,1
1042,"Shamim Khan",2.06115428709833,"7849",57,2.17105716692402,27.0709551695516,0.0801987648136607,0,"IND","Asian Tour",38,1.7174680514,25.2598037865239,0.0679921374653063,0,1
1043,"Benjamin Henry Poke",2.06295258618817,"20244",164,0,23.8345285532404,0,0,"DEN","Nordic Golf League",46,0,15.9681490975478,0,0,1
1044,"Michael McGowan",2.0643752353879,"19472",136,0,35.1356429089451,0,0,"USA","PGA Tour Latinoamerica",60,0,26.8563547082457,0,0,1
1045,"Bjorn Hellgren",2.06721088890983,"16231",175,0.0390268590401472,32.8598511950452,0.00118767607340936,0,"SWE","European Challenge Tour",58,0,27.2497857177655,0,0,1
1046,"Janne Kaske",2.06836679087603,"14117",240,0.0816699131258295,50.0178240337561,0.00163281619509701,0,"FIN","Asian Development Tour",80,0,37.3583826182923,0,0,1
1047,"Tomasz Anderson",2.06932803304412,"20726",78,0,12.4913959381507,0,0,"ENG","EuroPro Tour",39,0,11.6552222556878,0,0,1
1048,"Taewoo Kim(Feb1993)",2.07290407750063,"17905",150,0,24.7186129900532,0,0,"KOR","Korean Golf Tour",49,0,17.6259438052492,0,0,1
1049,"Koki Furuta",2.07316286911493,"13333",119,0,25.642461503706,0,0,"JPN","Japan Golf Tour",43,0,20.0438109776605,0,0,1
1050,"Michael Weaver",2.07487062786506,"16110",121,0,16.6794234472648,0,0,"USA","PGA Tour Latinoamerica",33,0,9.88462642916682,0,0,1
1051,"Riley Wheeldon",2.07585160075674,"15447",99,0.121347140879184,13.9210620347869,0.00871680196352503,0,"CAN","PGA Tour Canada",41,0,11.6706271063199,0,0,1
1052,"Tommy Gainey",2.07679216241397,"12169",91,9.70670658696088,12.4716048490584,0.778304532932159,1,"USA","PGA Tour",22,7.94355791752932,8.36660474570329,0.949436259865003,0,1
1053,"Julian Kunzenbacher",2.07906219983255,"18842",134,0.507876406014425,23.9766894705311,0.0211820904899585,0,"GER","European Challenge Tour",56,0.507876406014425,20.5460883400566,0.0247188855420362,0,1
1054,"Chase Hanna",2.08017305405671,"23781",68,0,29.9544554506329,0,0,"USA","PGA Tour Latinoamerica",49,0,23.5326834237307,0,0,1
1055,"Matt Fast",2.08113211949287,"14561",101,0,12.413212269897,0,0,"USA","Web.com Tour",31,0,8.00688899495494,0,0,1
1056,"Eduardo De la Riva",2.08206367125499,"6637",140,8.01663731984137,16.9524922542202,0.472888422517679,0,"ESP","European Tour",25,3.3175981332421,8.25345306762095,0.401964863198573,0,1
1057,"Maximiliano Godoy",2.08546204675582,"12774",143,0,35.6948417404338,0,0,"ARG","PGA Tour Latinoamerica",53,0,29.2016264224142,0,0,1
1058,"William Starke",2.08724863838687,"20879",101,0,8.59537083220799,0,0,"USA","PGA Tour Canada",22,0,5.63477721140477,0,0,1
1059,"Luke Jerling",2.09092092075969,"22039",129,1.27141551433951,36.1740823986703,0.0351471393338299,0,"RSA","Sunshine Tour",59,1.05496102527789,30.0770019266337,0.0350753385543957,0,1
1060,"James Marchesani",2.09101776606122,"19258",170,4.03393983091944,44.1919467749205,0.0912822386274406,0,"AUS","PGA Tour Australasia",89,3.6140181221399,37.4898507770178,0.0963999068343954,0,1
1061,"Nathan Green",2.09301656770132,"6258",57,1.23327304890932,13.5708796127569,0.0908764268861407,0,"AUS","PGA Tour Australasia",18,1.02331219451955,10.8545252469482,0.0942751683043222,0,1
1062,"Jordan Wrisdale",2.09462428891304,"21508",123,0,19.8906241207285,0,0,"ENG","EuroPro Tour",47,0,16.9852549534349,0,0,1
1063,"Gudmundur Kristjansson",2.09595817128003,"22996",90,0.0951050158508113,25.5695897957832,0.00371945802065606,0,"ISL","Nordic Golf League",45,0,19.984701982451,0,0,1
1064,"Christiaan Basson",2.09791028042797,"11953",199,2.51187635338009,39.3568155944103,0.0638231603711568,0,"RSA","Sunshine Tour",58,1.05496102527789,30.2982902018974,0.0348191603634394,0,1
1065,"Grady Brame Jr.",2.0981526356404,"23455",64,0.360601059459081,14.2110470241942,0.0253747003190658,0,"USA","PGA Tour Canada",34,0,11.8490455906979,0,0,1
1066,"Peter Lonard",2.09946147219888,"4122",130,2.74136749582621,12.0384923655951,0.227716844649151,0,"AUS","Web.com Tour",13,2.65520892054063,6.98967547248612,0.379875851317059,0,1
1067,"Eric Axley",2.10118508727365,"8024",229,7.25624570421881,39.2789316263379,0.184736330744629,0,"USA","Web.com Tour",72,5.15919822360357,27.9308349900537,0.184713354450047,0,1
1068,"Dermot McElroy",2.10335966692084,"15600",86,0.110750259107628,12.3570088298625,0.00896254592292463,0,"NIR","European Challenge Tour",35,0,9.73134154374335,0,0,1
1069,"Bongsub Kim",2.10538556421037,"15531",145,0,26.9844730204786,0,0,"KOR","Korean Golf Tour",42,0,17.7296763156894,0,0,1
1070,"Leandro Marelli",2.1090385332986,"15240",145,0,34.0055989897271,0,0,"ARG","PGA Tour Latinoamerica",51,0,28.0887952935973,0,0,1
1071,"Stuart Grehan",2.1112554192816,"22633",54,0,14.361117869636,0,0,"IRL","EuroPro Tour",48,0,13.7829975806205,0,0,1
1072,"Ken Looper",2.11553836102911,"17327",127,0,9.24496911128219,0,0,"USA","Web.com Tour",20,0,5.14095844025322,0,0,1
1073,"Jason Norris",2.11616012925568,"5769",171,26.7085286946905,39.6913729160487,0.672905136115643,1,"AUS","PGA Tour Australasia",65,22.3295913284374,28.8192844981388,0.774814216150283,0,1
1074,"David Howell",2.11761009938215,"5718",165,32.0253307111869,32.0253307111869,1,1,"ENG","European Tour",55,23.8003082254601,23.8003082254601,1,0,1
1075,"Lars Van Meijel",2.11781684409621,"17858",123,0.180075528386651,31.1288083035572,0.00578485133868981,0,"NED","Alps Golf Tour",63,0,27.2223783954823,0,0,1
1076,"Richard Finch",2.11807839425084,"6636",83,2.72151561480951,12.2827725708838,0.221571766399131,0,"ENG","European Challenge Tour",32,0.84609365634794,8.90086242745664,0.095057491703049,0,1
1077,"Itthipat Buranatanyarat",2.1184494381664,"16425",210,0.0584186034489874,51.1429812176188,0.00114226042475721,0,"THA","Asian Development Tour",84,0,42.0489469798586,0,0,1
1078,"Mark Young",2.12281010679851,"19949",117,0,17.1729394250669,0,0,"ENG","EuroPro Tour",42,0,12.4565401587295,0,0,1
1079,"Jarrod Lyle",2.12316798637485,"8392",44,0.186752741070625,0.906648528539399,0.205981408662828,0,"AUS","PGA Tour Australasia",0,0,0,NA,0,NA
1080,"Naoto Takayanagi",2.12354255649489,"15100",62,0,16.7852391063075,0,0,"JPN","Japan Golf Tour",16,0,11.4952194695,0,0,1
1081,"Tom Gillis",2.12507736713192,"3901",45,0.211173095055596,1.55466297475584,0.135832073243245,0,"USA","PGA Tour",3,0,0.615533134993127,0,0,1
1082,"Jamie Abbott",2.12511890914623,"14794",43,1.78956524982547,12.0832513700083,0.148102956317481,0,"ENG","European Challenge Tour",26,1.61596568956226,11.1308986419977,0.14517836713247,0,1
1083,"Vaughn Groenewald",2.12603004681003,"1331",212,4.98842072614391,42.9862016213049,0.116047022951466,0,"RSA","Sunshine Tour",62,3.16586190565094,32.7261385979044,0.0967380216941835,0,1
1084,"Blake Trimble",2.1273086548513,"14274",75,0,10.2290071376339,0,0,"USA","Web.com Tour",28,0,7.58065261938364,0,0,1
1085,"Doohwan Bang",2.12866883349144,"12265",83,0,17.1241998191584,0,0,"KOR","Korean Golf Tour",37,0,14.2624893654261,0,0,1
1086,"Changwon Han",2.12898992896402,"13918",111,0,26.3113096472393,0,0,"KOR","Korean Golf Tour",53,0,20.3584302627258,0,0,1
1087,"Karandeep Kochhar",2.1307487563251,"23056",52,3.44999481074629,26.4313939481994,0.130526404226264,0,"IND","Asian Tour",38,2.74078024591955,25.1002254233546,0.109193451440854,0,1
1088,"Adam Runcie",2.13265338036203,"14065",90,0,10.5327525980327,0,0,"WAL","EuroPro Tour",28,0,8.58263698187142,0,0,1
1089,"Ruben Sondjaja",2.13318029697917,"24289",78,1.02331219451955,24.4738750869219,0.0418124302295872,0,"AUS","PGA Tour Canada",60,1.02331219451955,22.005186438551,0.04650322765395,0,1
1090,"Rodolfo Cazaubon Jnr",2.13738917887123,"18185",126,0.0922405223371167,11.3281840729794,0.00814256916579716,0,"MEX","Web.com Tour",21,0,5.85673987669607,0,0,1
1091,"Taeho Kim",2.13738948333415,"19666",46,0,16.9012775518621,0,0,"KOR","PGA Tour China",34,0,15.9217293053394,0,0,1
1092,"Jonathan Sanders",2.1381507129379,"22984",77,0,9.96416474651983,0,0,"USA","PGA Tour Latinoamerica",15,0,4.55522405338432,0,0,1
1093,"Tomohiro Kondo",2.13904934582206,"6625",183,0,31.0060561637421,0,0,"JPN","Japan Golf Tour",57,0,22.4407088221618,0,0,1
1094,"Mathieu Decottignies Lafon",2.13931590180232,"13998",127,0.712138884126273,17.6764722478335,0.0402873873328179,0,"FRA","ProGolf Tour",35,0.66805532375019,11.5024185929446,0.0580795524308221,0,1
1095,"Ricardo Celia",2.14486272356644,"19000",141,0,30.2696961245053,0,0,"COL","PGA Tour Latinoamerica",48,0,25.3935299668774,0,0,1
1096,"Nicholas Fung",2.14568116285786,"12889",236,9.21393903729622,48.4636485522028,0.190120622622364,0,"MAS","Asian Tour",80,4.74754767657394,37.0091112082801,0.128280510435813,0,1
1097,"Zhang Huilin",2.14625311568279,"17990",160,2.92210245981216,38.3582448677302,0.0761792535056903,0,"CHN","PGA Tour China",69,0,29.8653044102786,0,0,1
1098,"Gareth Paddison",2.14696963660269,"6397",148,3.43430911102998,32.3142641218425,0.106278425468107,0,"NZL","PGA Tour Australasia",70,3.43430911102998,28.0028932226523,0.122641224380768,0,1
1099,"Kwanchai Tannin",2.1496215123319,"8512",106,0,39.4121644430022,0,0,"THA","Asian Development Tour",69,0,37.3872195293043,0,0,1
1100,"Curtis Reed",2.14972498042023,"19762",77,0.404463603645459,22.8762469336335,0.017680505234047,0,"USA","PGA Tour Canada",40,0,20.1000436769252,0,0,1
1101,"Joungwhan Park",2.14987406414298,"18816",79,0,20.5025515381666,0,0,"KOR","Korean Golf Tour",34,0,15.0130848830484,0,0,1
1102,"Taehoon Kim",2.15028328075879,"7589",158,0.0816699131258295,29.6366215166167,0.00275570928623017,0,"KOR","Korean Golf Tour",61,0,22.8858777862772,0,0,1
1103,"Victor Riu",2.15137708558124,"12217",188,2.10926370068128,36.7872160729816,0.0573368666032446,0,"FRA","European Challenge Tour",70,2.02246392054967,30.9802297358205,0.065282405514612,0,1
1104,"Yasuki Hiramoto",2.15207718325806,"13312",74,0,9.64312771011944,0,0,"JPN","Japan Golf Tour",21,0,7.69489744807809,0,0,1
1105,"Gary Boyd",2.1524347299906,"12795",141,1.00595182407791,28.34195905893,0.0354933765159383,0,"ENG","European Challenge Tour",48,0,22.3192851221691,0,0,1
1106,"Taichi Nabetani",2.15285416264917,"16464",100,0,19.4170196247879,0,0,"JPN","Japan Golf Tour",32,0,14.9045061452675,0,0,1
1107,"Jonathan Garrick",2.15354495014051,"21885",128,0.199085334142416,17.855453787855,0.0111498333510757,0,"USA","PGA Tour Canada",45,0,14.2936329253826,0,0,1
1108,"Jeppe Huldahl",2.15716124995067,"8353",81,0.955721820837944,27.233944593809,0.0350930368366544,0,"DEN","European Challenge Tour",63,0.955721820837944,22.4527991625412,0.042565820587413,0,1
1109,"Jyoti Randhawa",2.15860452221961,"5771",111,3.47455429849098,13.7844430140345,0.252063452614907,0,"IND","Asian Tour",22,1.7174680514,8.11859721280269,0.211547390070248,0,1
1110,"Peter Campbell",2.16031161156337,"12842",130,0,25.9477809938303,0,0,"CAN","PGA Tour Latinoamerica",50,0,21.9414607189463,0,0,1
1111,"N Thangaraja",2.16040011258649,"18234",47,3.50092399154043,21.7359185637328,0.161066300523497,0,"SRI","Asian Tour",30,3.4349361028,20.5447797211382,0.167192646960622,0,1
1112,"Juan Francisco Sarasti",2.16135524266333,"13886",133,0,13.3088830768612,0,0,"ESP","European Challenge Tour",32,0,9.35427221000978,0,0,1
1113,"Ethan Tracy",2.16317937805144,"19552",203,12.849691228217,35.9324644884158,0.357606732829571,0,"USA","Web.com Tour",56,7.48751818341526,21.9194616817642,0.341592247662015,0,1
1114,"Robert Allenby",2.16594813045151,"4949",130,12.6819852836336,17.7829400241467,0.713154588971973,1,"AUS","PGA Tour",28,11.1215265427552,13.047195430402,0.852407446648666,0,1
1115,"Raphael De Sousa",2.1681271751959,"8040",69,2.50065630117818,15.1424389599092,0.165142240810669,0,"SUI","European Challenge Tour",28,2.32598303864313,10.0602337389711,0.231205665692715,0,1
1116,"Miguel Angel Carballo",2.16863131410584,"8570",244,3.51053826987938,51.9170310061269,0.0676182401390612,0,"ARG","PGA Tour",96,1.05496102527789,42.6872400544968,0.0247137323455691,0,1
1117,"Heungchol Joo",2.16906490005838,"15528",207,0,44.2002460367086,0,0,"KOR","Korean Golf Tour",82,0,34.0790111761477,0,0,1
1118,"Scott Laycock",2.17316728455156,"3472",49,1.06639148216234,3.50817968726985,0.303972879733602,0,"AUS","China Tour - PGA Tour China Series",6,1.02331219451955,2.67694959057381,0.382268010620328,0,1
1119,"Jonathan Agren",2.17391746542836,"20400",146,1.68900097606056,30.7556436136505,0.0549167820149573,0,"SWE","Sunshine Tour",47,1.05496102527789,23.8544149652075,0.0442249800222133,0,1
1120,"Kevin Lee",2.17406651792076,"11870",89,0,29.5642715395692,0,0,"KOR","PGA Tour China",65,0,25.7005607508337,0,0,1
1121,"Grant Leaver",2.17512202469321,"14682",66,0.235413453305618,15.1372966835701,0.0155518820980191,0,"USA","Web.com Tour",32,0,8.40721299643913,0,0,1
1122,"Minchel Choi",2.17746599214832,"15019",145,9.19141697978884,43.7289117663053,0.21019084647954,0,"KOR","Korean Golf Tour",76,8.98145612539907,35.1084759103118,0.255820165715627,0,1
1123,"Tirawat Kaewsiribandit",2.17877764148886,"18371",208,11.5378184571528,45.1765620265524,0.255393902049729,0,"THA","Asian Tour",68,6.09349294134196,32.8340001776502,0.185584848278394,0,1
1124,"Daniel Gale",2.1792306306778,"19212",58,3.43430911102998,22.1648622409444,0.15494385093384,0,"AUS","PGA Tour Australasia",36,3.43430911102998,19.6388456231018,0.174873267855932,0,1
1125,"Alfie Plant",2.17931083600614,"22499",59,6.13634695241811,14.9716616430214,0.409864121881112,0,"ENG","European Challenge Tour",37,4.41118251691164,13.2183734857346,0.333715984169477,0,1
1126,"Eric Sugimoto",2.18042042000677,"21326",106,0,18.0057464269526,0,0,"JPN","PGA Tour Latinoamerica",28,0,13.6147135017805,0,0,1
1127,"Will Enefer",2.18302651869403,"23163",76,0,13.2340547896031,0,0,"ENG","EuroPro Tour",36,0,10.5092877500097,0,0,1
1128,"Jamie Rutherford",2.18357457628628,"18555",141,2.20670990755553,29.2385075623932,0.0754727272876889,0,"ENG","European Challenge Tour",61,0,25.5129309046683,0,0,1
1129,"Jack Wilson",2.1852055295639,"15946",124,2.87399791293276,30.2438292726524,0.0950275802387081,0,"AUS","PGA Tour Australasia",59,2.41099691651043,26.0852775476265,0.0924274971622757,0,1
1130,"Danny Chia",2.18576976829234,"6386",186,5.28197047172307,37.9989309387932,0.139003133541599,0,"MAS","Asian Tour",64,3.65116966722593,31.5437751381014,0.115749292887132,0,1
1131,"Lincoln Tighe",2.18613755866459,"16980",111,0.544670909548164,11.4463095744171,0.047584848724127,0,"AUS","PGA Tour Australasia",8,0,6.0846699453305,0,0,1
1132,"Toni Hakula",2.18668455743136,"13131",81,0,29.6615827571132,0,0,"FIN","PGA Tour Latinoamerica",45,0,22.9327614701449,0,0,1
1133,"Hernan Borja",2.18932862721227,"16810",56,0,17.3851095709023,0,0,"USA","PGA Tour Latinoamerica",29,0,10.8569015639521,0,0,1
1134,"Aaron Cockerill",2.18964644655027,"15596",125,7.21855576816362,20.1999713762977,0.357354752325726,0,"CAN","PGA Tour Canada",38,7.21855576816362,14.9245664421555,0.483669378011163,0,1
1135,"Aron Price",2.19026109909332,"9772",65,1.54392458558582,6.9895262545319,0.220891163343833,0,"AUS","PGA Tour Australasia",8,1.02331219451955,3.5298121053448,0.28990557116909,0,1
1136,"Honney Baisoya",2.19141153808452,"16013",108,1.39030821813293,37.6515048065759,0.0369257012508596,0,"IND","Asian Tour",69,0.8587340257,34.6192742894554,0.0248050845468346,0,1
1137,"Matt Jager",2.19266973576815,"11830",69,4.12815147202542,17.8809841329363,0.230868247593905,0,"AUS","PGA Tour Australasia",29,4.12815147202542,13.7072825454261,0.301164833973814,0,1
1138,"Mark Blakefield",2.19487654479971,"13104",119,0,22.6547336016835,0,0,"USA","Web.com Tour",45,0,14.2529212992166,0,0,1
1139,"James Frazer",2.1964248864184,"13319",103,0,12.6564708651112,0,0,"WAL","EuroPro Tour",34,0,9.88573468473829,0,0,1
1140,"Udayan Mane",2.19651456470122,"16818",95,4.47330700526585,33.2991881327089,0.13433681888694,0,"IND","Asian Tour",50,3.7640924404391,28.550726901773,0.131838760301593,0,1
1141,"James Driscoll",2.19773262854107,"6228",122,2.62660091988998,15.061682278164,0.174389611424612,0,"USA","Web.com Tour",20,2.62660091988998,10.09960213742,0.260069741773111,0,1
1142,"Yoseop Seo",2.1985324717099,"20841",104,0,27.5076714405093,0,0,"KOR","Korean Golf Tour",43,0,20.0423129975393,0,0,1
1143,"Scott Fallon",2.20045187956553,"17474",87,0,11.5864639454315,0,0,"ENG","EuroPro Tour",33,0,9.84567473012201,0,0,1
1144,"Ilhwan Park",2.20252506139173,"11703",163,0,28.1563877305619,0,0,"KOR","Korean Golf Tour",50,0,21.4361455471461,0,0,1
1145,"Philipp Mejow",2.20604435483205,"19897",164,5.71126944948402,27.2566213824799,0.209536955051778,0,"GER","European Challenge Tour",64,5.58490849550673,22.2416488421923,0.251101370007793,0,1
1146,"John Rollins",2.20938638818868,"6300",73,9.9699475231147,10.2709820191704,0.970690777620502,1,"USA","PGA Tour",18,8.58551246782172,8.58551246782172,1,0,1
1147,"Derek Bard",2.21070151462303,"21422",54,0.201039640708469,11.9981291073704,0.016755915768982,0,"USA","PGA Tour Canada",35,0,9.26903520880304,0,0,1
1148,"David Pastore",2.21116121974185,"19593",63,2.82613467223034,18.0118928269432,0.156903813462783,0,"USA","PGA Tour Canada",30,2.82613467223034,16.9141349846092,0.167087153720953,0,1
1149,"Jaebum Park",2.21384776118783,"11159",183,0,24.6069367371119,0,0,"KOR","Japan Golf Tour",45,0,16.9209302497661,0,0,1
1150,"Gerardo Ruiz",2.21567530837094,"19079",160,0,20.0178520468181,0,0,"MEX","PGA Tour Latinoamerica",41,0,12.1395736073723,0,0,1
1151,"Ippei Koike",2.21931677959908,"12739",160,0,17.8918278031613,0,0,"JPN","Japan Golf Tour",24,0,12.3379460662467,0,0,1
1152,"Peter Cooke",2.2197044037147,"8607",125,4.33811232641519,26.1575157535914,0.165845731195615,0,"AUS","PGA Tour Australasia",43,4.12815147202542,21.9110034688143,0.188405404522023,0,1
1153,"Masashi Hidaka",2.22068692399758,"16164",103,0,26.0386461615296,0,0,"JPN","Japan Golf Tour",51,0,22.5217226897292,0,0,1
1154,"James Heath",2.2209645810365,"9365",141,5.9273993653738,9.47776686010371,0.625400418987404,1,"ENG","European Challenge Tour",12,2.80156338453564,2.80156338453564,1,0,1
1155,"Giwhan Kim",2.2227927737939,"12993",204,2.46078261364318,31.2642745474933,0.0787090904637824,0,"KOR","Korean Golf Tour",68,1.98522565736793,23.3861172200742,0.084889066392939,0,1
1156,"Tain Lee",2.22334894389595,"16598",79,0,4.40353415629595,0,0,"USA","PGA Tour Canada",2,0,1.7174680514,0,0,1
1157,"Steve Webster",2.22644762429278,"5667",125,9.89085382919264,13.5617573524897,0.729319480662795,1,"ENG","European Tour",27,6.61659426703894,9.49140826907824,0.697114071954415,0,1
1158,"Peter Tomasulo",2.22827309779298,"9910",124,0,12.1773135828395,0,0,"USA","Web.com Tour",29,0,7.54770870659173,0,0,1
1159,"Kristian Krogh Johannessen",2.23131184354288,"16421",177,13.0001174158542,36.5517442025911,0.355663394441589,0,"NOR","European Challenge Tour",65,12.2704478032096,25.499701868122,0.481199657418321,0,1
1160,"Jurrian Van der Vaart",2.23389469573899,"13489",160,1.52404230261937,17.2588886194936,0.0883047765252967,0,"NED","European Challenge Tour",44,0.731976648536978,12.3162518241339,0.059431770232455,0,1
1161,"Hangu Lee",2.23404126236818,"15317",53,0,20.8303040776431,0,0,"KOR","Korean Golf Tour",43,0,18.1810362542774,0,0,1
1162,"Benjamin Rusch",2.23818017242147,"13281",182,1.24180050181731,46.3409628938701,0.0267970370978539,0,"SUI","ProGolf Tour",66,0.710017349080869,34.946549308498,0.0203172376995806,0,1
1163,"Bradley Neil",2.23981013135099,"18737",184,18.0140438337222,33.6802066123954,0.53485550255183,1,"SCO","European Challenge Tour",56,13.7684060845409,23.3447903095497,0.589784954243459,0,1
1164,"Michael Long",2.24110172955366,"4865",107,2.54452807940865,17.4807053638219,0.145562094117484,0,"NZL","PGA Tour Australasia",25,2.08152708298631,12.0765906976078,0.172360489405228,0,1
1165,"Niklas Norgaard Moller",2.24191272522379,"15676",179,1.37743365721689,34.6915403383365,0.0397051743388497,0,"DEN","Nordic Golf League",63,1.37743365721689,25.2563013419528,0.0545382175547951,0,1
1166,"Johan Edfors",2.24246387700071,"6852",122,10.7145466016824,11.7088241915812,0.915083054145292,1,"SWE","European Tour",22,7.41787749027926,7.41787749027926,1,0,1
1167,"Scott Arnold",2.24371008512174,"11810",87,0.212588722586823,21.0354077804315,0.0101062325392421,0,"AUS","PGA Tour Australasia",30,0,16.9947665828982,0,0,1
1168,"Daniel Stringfellow",2.2439482482342,"23484",68,0,12.4428299936916,0,0,"USA","PGA Tour Canada",36,0,10.4613300926351,0,0,1
1169,"Evan Bowser",2.24699684199905,"23454",70,0,13.513506158231,0,0,"USA","PGA Tour Canada",40,0,11.7406968021638,0,0,1
1170,"Mathias Dahl",2.2470945095882,"21881",74,0,10.2461008399822,0,0,"SWE","PGA Tour Canada",32,0,9.00586176263614,0,0,1
1171,"MJ Maguire",2.24874302269639,"19453",84,0,27.4364781557649,0,0,"USA","PGA Tour Latinoamerica",53,0,23.3775521063846,0,0,1
1172,"Doug McGuigan",2.2493063293052,"4497",205,5.59179528772972,42.9548292943088,0.130178500988027,0,"SCO","Sunshine Tour",64,4.25345059150443,33.7725584214017,0.125943985007929,0,1
1173,"Joel Lynn",2.25027158674191,"17464",111,0,14.91338323597,0,0,"USA","Web.com Tour",30,0,7.88753628414122,0,0,1
1174,"Jinsung Kim(Dec1989)",2.25079927934281,"15278",152,0,23.2489634599322,0,0,"KOR","Korean Golf Tour",43,0,16.8889045357462,0,0,1
1175,"Robert Dinwiddie",2.25730442273054,"11894",134,2.55513979399886,18.1370765136726,0.140879363444967,0,"ENG","European Tour",26,0,14.0943543903487,0,0,1
1176,"Elias Bertheussen",2.25757055136746,"12488",151,0,31.2348532916777,0,0,"NOR","Nordic Golf League",53,0,23.2809344420541,0,0,1
1177,"Rattanon Wannasrichan",2.25761720519701,"14953",225,8.61872425781511,52.1144122262003,0.165380820576195,0,"THA","Asian Tour",87,7.08610577002593,42.2242472483588,0.167820771992598,0,1
1178,"Daniel Young",2.26092663374915,"19908",118,0,14.6133646698025,0,0,"SCO","Alps Golf Tour",37,0,10.9886465941846,0,0,1
1179,"Olin Browne-Jr",2.26413098967457,"16488",62,0,16.7118770386739,0,0,"USA","PGA Tour Canada",30,0,11.1635630491719,0,0,1
1180,"Antti Ahokas",2.27154485170373,"11897",132,0,23.3137905011242,0,0,"FIN","European Challenge Tour",42,0,14.8118890640603,0,0,1
1181,"Suttijet Kooratanapisan",2.27159723596336,"15150",199,0.964444718788667,48.3961146810588,0.0199281435120272,0,"THA","Asian Tour",84,0,42.8764898368249,0,0,1
1182,"Joel Sjoholm",2.275925002957,"12485",194,1.95598617493082,30.5578885507059,0.064009205730467,0,"SWE","European Challenge Tour",58,1.57893689822608,18.7166557803069,0.0843599902012083,0,1
1183,"Sam Forgan",2.27595863721627,"17816",96,0,10.6616867433079,0,0,"ENG","EuroPro Tour",26,0,8.16774202089409,0,0,1
1184,"Ryan Cole",2.27842037711666,"24485",48,0,23.2876205209556,0,0,"USA","PGA Tour Latinoamerica",38,0,21.51180748615,0,0,1
1185,"Ryan Chisnall",2.28104357920291,"16924",70,2.41099691651043,25.4410321942843,0.0947680462843835,0,"NZL","PGA Tour Australasia",38,2.41099691651043,22.2012324688517,0.108597435745653,0,1
1186,"Aaron Townsend",2.28459309274306,"8415",138,3.7986816385013,25.6208729324848,0.148265113702857,0,"AUS","PGA Tour Australasia",44,3.7986816385013,20.426223914913,0.185970821348331,0,1
1187,"Yusuke Minamoto",2.28596862565288,"15622",45,0,15.7220302416361,0,0,"JPN","PGA Tour China",19,0,11.7235347877852,0,0,1
1188,"David Lutterus",2.28763390828228,"8388",106,0,10.5549366311036,0,0,"AUS","PGA Tour China",27,0,7.69590503385762,0,0,1
1189,"Thummanoon Koonmark",2.28951555233598,"19845",72,0,17.5016250877099,0,0,"THA","Asian Development Tour",36,0,15.3420027424713,0,0,1
1190,"Aman Raj",2.28958751295105,"19418",101,3.12838147270314,37.645324515246,0.0831014611505388,0,"IND","Asian Tour",52,2.74078024591955,30.5852826402921,0.0896110811906945,0,1
1191,"Madalitso Muthiya",2.28967658816735,"11035",171,4.69961418381166,39.154895462929,0.12002622221942,0,"ZAM","Sunshine Tour",56,3.13323424507533,32.1514513123103,0.0974523424973871,0,1
1192,"Jihoon Lee(Oct 1986)",2.29166999283483,"17447",156,0,31.0429054675017,0,0,"KOR","Korean Golf Tour",51,0,22.0849360186023,0,0,1
1193,"Charlie Wi",2.2947901712744,"5905",62,5.61013196471119,6.8405326970218,0.820130860152705,1,"KOR","PGA Tour",14,4.65353156511603,5.59579100956324,0.831612824203607,0,1
1194,"Poom Pattaropong",2.29659024573783,"22906",97,0,45.8862190675021,0,0,"THA","Asian Development Tour",76,0,39.6153114846756,0,0,1
1195,"Tomas Silva",2.29796011896823,"14688",63,1.03212892204534,24.1160692919591,0.0427983893042419,0,"POR","European Challenge Tour",39,0.754615101584514,20.0698490226843,0.0375994408693157,0,1
1196,"Daniel Valente",2.30176692100158,"15943",61,0.260605512818787,2.72377094428924,0.0956782042796892,0,"AUS","PGA Tour Australasia",0,0,0,NA,0,NA
1197,"Christopher Feldborg Nielsen",2.3039518901295,"20147",171,0.137070062592267,31.5823674668943,0.00434008193768085,0,"SWE","Nordic Golf League",61,0,22.8954059490501,0,0,1
1198,"Malcolm Kokocinski",2.31083974654382,"17110",144,12.1646508273368,37.7641787387155,0.322121418593586,0,"SWE","Asian Tour",66,8.12562396829664,28.4274851981029,0.285836890307796,0,1
1199,"Chris Worrell",2.31093124236498,"19775",71,0,2.83619698260798,0,0,"USA","Web.com Tour",0,0,0,NA,0,NA
1200,"Federico Maccario",2.31536662861337,"17655",145,1.6555475974225,28.8759196024271,0.057333155799594,0,"ITA","European Challenge Tour",51,1.30961873945434,24.2397065483653,0.0540278297858627,0,1
1201,"Oliver Goss",2.31541164658114,"16813",97,0.646091605084587,6.61198276043687,0.0977152585682025,0,"AUS","Web.com Tour",7,0.436130750694815,2.40516016547715,0.181331271386782,0,1
1202,"Jason Thresher",2.31574989972173,"24498",70,0,30.5272728282904,0,0,"USA","PGA Tour Latinoamerica",51,0,23.8523276269916,0,0,1
1203,"Hunter Hamrick",2.31582124415638,"16242",111,1.47484825378986,20.0546164799118,0.0735415835684106,0,"USA","PGA Tour Latinoamerica",41,1.47484825378986,16.3584048897715,0.0901584392688583,0,1
1204,"David Skinns",2.32151633461629,"10873",187,0.558153227354417,33.7592439831291,0.0165333449894005,0,"ENG","Web.com Tour",58,0,24.133913014776,0,0,1
1205,"Ulrich Van Den Berg",2.32205880092963,"6155",187,5.74360113422184,34.1760129925077,0.168059426226254,0,"RSA","Sunshine Tour",53,3.84140259864146,24.6174824974616,0.156043681519326,0,1
1206,"Galam Jeon",2.32305915489038,"21513",121,0,22.6922510001325,0,0,"KOR","Korean Golf Tour",41,0,16.9754200022685,0,0,1
1207,"Braden Becker",2.32353997090871,"17908",80,3.47738839867277,21.9422834823653,0.158478874884079,0,"AUS","PGA Tour Australasia",40,3.43430911102998,19.4276620466551,0.176774184293641,0,1
1208,"Jon Curran",2.3272573197049,"14699",140,9.36851750830357,12.1221434920924,0.772843310625295,1,"USA","PGA Tour",16,4.94400053435227,6.21050291262585,0.796070882488631,0,1
1209,"Michael Tran",2.32788851553092,"10787",73,0.820740090831983,7.1969864379508,0.114039410509946,0,"VIE","Asian Tour",14,0,4.07994914963872,0,0,1
1210,"Dongmin Lee",2.3280819472899,"14610",161,0,33.2903135146598,0,0,"KOR","Korean Golf Tour",58,0,24.1982423323268,0,0,1
1211,"Dicky Pride",2.32808851242218,"5467",144,9.3909950674013,24.5829539346895,0.382012474674555,0,"USA","Web.com Tour",38,6.9979339288325,14.7215794972998,0.475352113549777,0,1
1212,"Beon Yeong Lee",2.32888979032966,"17515",96,0,37.2679933317359,0,0,"CAN","PGA Tour China",66,0,33.3623886841568,0,0,1
1213,"Lionel Weber",2.33547447259614,"15513",216,5.92060102066095,42.3387140284723,0.139838943069443,0,"FRA","Asian Tour",63,4.09419824300096,29.7324735019803,0.137701232382441,0,1
1214,"Evan Harmeling",2.33784266005987,"16909",108,0,28.5199885051644,0,0,"USA","PGA Tour Latinoamerica",38,0,22.9840867716472,0,0,1
1215,"Tobias Rosendahl",2.33867288256611,"14782",41,0,0.539919255097807,0,0,"SWE","Nordic Golf League",0,0,0,NA,0,NA
1216,"Espen Kofstad",2.33908709645883,"13349",69,13.5523209055749,15.9501260601846,0.849668576564096,1,"NOR","European Challenge Tour",19,12.8833886279844,12.8833886279844,1,0,1
1217,"Mark Silvers",2.33910385819787,"14705",119,0.0405333017431017,13.0785864955594,0.00309921119968615,0,"USA","PGA Tour Latinoamerica",20,0,7.66496537451501,0,0,1
1218,"Julien Brun",2.34193854664393,"16363",160,2.0466243890391,30.7852938294275,0.0664805864897332,0,"FRA","European Challenge Tour",63,2.0466243890391,26.0142856882223,0.0786730957585238,0,1
1219,"Maarten Lafeber",2.34474156662679,"5843",115,4.68447766814171,13.086125656179,0.357972847825268,0,"NED","European Challenge Tour",18,4.24640278209675,6.72999747448321,0.630966474831081,0,1
1220,"Bryan Bigley",2.34595444690529,"15329",163,0,26.9579544558602,0,0,"USA","Web.com Tour",48,0,18.96218587467,0,0,1
1221,"Nick Palladino",2.34651913098041,"22773",82,0,10.4603881378022,0,0,"USA","PGA Tour Latinoamerica",17,0,5.2872007019213,0,0,1
1222,"Haraldur Magnus",2.3485679023557,"22994",106,0.573681837554317,24.5567265505106,0.023361494716094,0,"ISL","Nordic Golf League",40,0.573681837554317,17.7707693186098,0.0322823298906676,0,1
1223,"Patrick Newcomb",2.34894961452958,"16311",210,1.02559321358898,41.1602736864876,0.0249170649690231,0,"USA","PGA Tour Latinoamerica",62,0,26.4077743845954,0,0,1
1224,"Juan Pablo Luna",2.34989501959714,"12956",107,0,25.7055988107498,0,0,"COL","PGA Tour Latinoamerica",45,0,21.8082716904532,0,0,1
1225,"Lyle Rowe",2.3578416829162,"11956",196,5.67433197745436,45.7589444030616,0.124004870555421,0,"RSA","Sunshine Tour",72,4.25345059150443,36.996862142483,0.114967874170611,0,1
1226,"Billy Spooner",2.36619240082455,"21787",129,0,18.1613575729904,0,0,"ENG","EuroPro Tour",44,0,14.5244097743948,0,0,1
1227,"Peradol Panyathanasedh",2.36747234552775,"8380",133,0,35.8655771500695,0,0,"THA","Asian Tour",63,0,31.5246037858217,0,0,1
1228,"Sungmin Cho",2.36844442085761,"19817",145,0,27.2920221597836,0,0,"KOR","Korean Golf Tour",52,0,20.5316284582665,0,0,1
1229,"Huang Wenyi",2.36875313342495,"13466",158,2.63815430521883,39.463016375082,0.0668513090875797,0,"CHN","PGA Tour China",73,0,31.979590556459,0,0,1
1230,"Brett Rankin",2.36941571186181,"11820",100,1.48631319094189,19.4540317717911,0.0764012934890486,0,"AUS","PGA Tour Australasia",26,1.02331219451955,13.7530657680195,0.0744061151004671,0,1
1231,"Namchok Tantipokakul",2.37132096887114,"12332",192,0.0816699131258295,41.213133705689,0.00198164773659412,0,"THA","Asian Tour",76,0,34.8556902280761,0,0,1
1232,"Byron Smith",2.37573461152279,"9687",89,0,2.91713235566982,0,0,"USA","Web.com Tour",2,0,0.463525083106403,0,0,1
1233,"Takashi Ogiso",2.3763140708293,"18382",88,0,30.1605909851083,0,0,"JPN","Japan Golf Tour",56,0,23.7617718258735,0,0,1
1234,"Cyril Bouniol",2.37632752519069,"18240",83,0.105199099915669,11.839030648322,0.00888578660201204,0,"FRA","European Challenge Tour",17,0,10.3561561906296,0,0,1
1235,"Jiho Yang",2.37727238379343,"14419",60,0,18.8938879865853,0,0,"KOR","Korean Golf Tour",44,0,17.4306944351346,0,0,1
1236,"Bryan Martin",2.37833497943141,"17199",111,0,9.22830131058187,0,0,"USA","PGA Tour Latinoamerica",10,0,3.18211796732358,0,0,1
1237,"Martin Rohwer",2.37845953446184,"22169",138,0.216454489061621,38.2719406232567,0.00565569672027783,0,"RSA","Sunshine Tour",63,0,31.2159541594814,0,0,1
1238,"Christopher Sahlstrom",2.37936571189763,"21343",96,0,16.3000986423056,0,0,"SWE","Nordic Golf League",22,0,10.3757001844015,0,0,1
1239,"Michael Miller(1992)",2.38001815789244,"17902",117,0.608484240663732,23.9272309801421,0.0254306167382565,0,"USA","PGA Tour Canada",30,0.492640113833992,15.7959321055624,0.0311877836991026,0,1
1240,"Dominic Foos",2.38034676752381,"17022",140,2.76327036215589,24.8417482562575,0.111234939411313,0,"GER","European Challenge Tour",37,2.53300475654716,19.3589907537887,0.130843843502091,0,1
1241,"Matias Calderon",2.38291168766471,"22607",142,8.35641068598845,33.6214618592735,0.248543942585399,0,"CHI","Sunshine Tour",56,7.82799125902498,27.3090053257735,0.286645052269154,0,1
1242,"Luke Johnson",2.3837630268142,"21405",63,0,2.87647289674546,0,0,"ENG","EuroPro Tour",0,0,0,NA,0,NA
1243,"Tim O'Neal",2.38552448443156,"9890",90,1.43060280617616,5.41454906428597,0.264214579864522,0,"USA","PGA Tour Latinoamerica",2,1.43060280617616,1.43060280617616,1,0,1
1244,"Minsu921 Kim 921",2.38598315080556,"16299",74,0,17.9386658324737,0,0,"KOR","Korean Golf Tour",30,0,14.5359057463997,0,0,1
1245,"Chan Shih-chang",2.38600141989519,"9698",243,8.97079779209528,46.0221259279969,0.194923585366969,0,"TPE","Asian Tour",84,3.383412061258,34.7552108142883,0.0973497781192293,0,1
1246,"Tetsuji Hiratsuka",2.38637143368176,"6247",121,0,12.954140770405,0,0,"JPN","Japan Golf Tour",15,0,8.57825260439277,0,0,1
1247,"JJ Senekal",2.38748939382497,"15185",180,5.5297241028537,42.1016964847867,0.131342073230988,0,"RSA","Sunshine Tour",63,4.22082293092882,32.9924154516681,0.127933128664437,0,1
1248,"Gregoire Schoeb",2.38843428432263,"17839",44,0,1.91681605754603,0,0,"FRA","Alps Golf Tour",0,0,0,NA,0,NA
1249,"Stephen Dartnall",2.39555176072287,"11843",48,0.463000996422335,4.71781645169898,0.0981388320555792,0,"AUS","PGA Tour Australasia",8,0,2.60359965704329,0,0,1
1250,"Ben Parker",2.40278555159258,"11816",134,0,16.7557116294683,0,0,"ENG","ProGolf Tour",46,0,13.3752525512716,0,0,1
1251,"Derek Barron",2.40381344710258,"16695",64,0.368973678232249,10.3997978718481,0.0354789278386891,0,"USA","PGA Tour Canada",28,0,7.80793914807173,0,0,1
1252,"Jeff Rein",2.4059332470576,"17298",75,0,2.34655357946756,0,0,"USA","PGA Tour Canada",0,0,0,NA,0,NA
1253,"Masaru Takahashi",2.40706890127494,"15098",130,0,32.8020692265167,0,0,"JPN","Asian Development Tour",59,0,28.6655976353178,0,0,1
1254,"Veer Ahlawat",2.40921814008708,"22897",53,2.03908138944315,26.7773122312968,0.0761495915583311,0,"IND","Asian Tour",40,1.7174680514,25.4961813863788,0.0673617756860463,0,1
1255,"Naomi Ohta",2.41346151690957,"7856",58,0,8.46185778877707,0,0,"JPN","Japan Golf Tour",5,0,3.41787640601442,0,0,1
1256,"Jonathan Caldwell",2.41790035995652,"13682",135,0,19.2208075216875,0,0,"NIR","EuroPro Tour",48,0,15.5303726255079,0,0,1
1257,"Jonathan Khan",2.41812006978531,"19833",107,0,13.4921625189074,0,0,"USA","PGA Tour Canada",38,0,10.8533031406326,0,0,1
1258,"Chris Cannon",2.41922755869251,"15222",155,2.93050291479927,35.469720552184,0.0826198478357855,0,"ENG","Sunshine Tour",57,2.14254971113138,28.6670510357553,0.0747391040836068,0,1
1259,"Smylie Kaufman",2.41965087705826,"18631",165,11.8688204678873,17.7105144875543,0.670156729564677,1,"USA","PGA Tour",20,4.05242844107017,9.81305585725106,0.412962944471141,0,1
1260,"Herman Loubser",2.42017490567696,"21197",116,1.27141551433951,33.0092681648146,0.0385169252463083,0,"RSA","Sunshine Tour",55,1.05496102527789,27.036554277067,0.0390198031327065,0,1
1261,"Casey O'Toole",2.42019015061296,"18221",189,5.94735058853696,38.8839718972956,0.152951210957711,0,"USA","Asian Tour",64,4.06349887716537,27.4269792375614,0.148156996874099,0,1
1262,"Christopher Hickman",2.42049081845043,"24491",64,0,21.8840348315239,0,0,"USA","PGA Tour Canada",57,0,20.5987992472206,0,0,1
1263,"Manuel Trappel",2.42233478709601,"14681",146,0.11816334574318,29.5469597846132,0.00399917103500831,0,"AUT","European Challenge Tour",59,0,23.5003519699047,0,0,1
1264,"Erik Oja",2.42285882347119,"20097",130,0,17.6997359916857,0,0,"SWE","Nordic Golf League",39,0,12.323264897524,0,0,1
1265,"Neven Basic",2.42294600814093,"7700",85,0.0430792876427906,9.3817457741863,0.00459181997462801,0,"AUS","PGA Tour Australasia",18,0,6.44805677975061,0,0,1
1266,"Leroux Ferreira",2.4236710566607,"14263",50,0.0931320067738135,0.907672211322684,0.10260532999914,0,"RSA","Sunshine Tour",0,0,0,NA,0,NA
1267,"Nicolo Galletti",2.42401224215071,"24490",61,0,26.837713532776,0,0,"USA","PGA Tour Latinoamerica",48,0,24.5045829111808,0,0,1
1268,"William Harrold",2.42718213143076,"17070",197,0,37.6614119687558,0,0,"ENG","European Challenge Tour",70,0,28.4703340941484,0,0,1
1269,"Niall Turner",2.42780560178973,"13984",68,1.14014940141753,13.9828134255471,0.0815393416702843,0,"IRL","Asian Tour",35,1.02331219451955,12.9401915048835,0.0790801429896433,0,1
1270,"Jordi Garcia Pinto",2.4289541463665,"12990",104,0.348491074100869,3.40209762749656,0.102434178044828,0,"ESP","European Challenge Tour",0,0,0,NA,0,NA
1271,"Kieran Muir",2.43374939011541,"15890",108,1.23327304890932,30.3548708343565,0.0406285059040169,0,"NZL","PGA Tour Australasia",46,1.02331219451955,23.9969271282607,0.0426434680178037,0,1
1272,"Paul Lawrie",2.43976944397183,"5105",99,7.76434579195161,7.88479652071241,0.984723673154483,1,"SCO","European Tour",4,3.08794883618452,3.08794883618452,1,0,1
1273,"Conor O'Rourke",2.4433081526587,"22634",58,0,18.8629921128544,0,0,"IRL","Alps Golf Tour",50,0,17.8186061193609,0,0,1
1274,"Wolmer Murillo",2.45239882753192,"14447",136,0.209960854389772,30.1277076041176,0.00696902854836112,0,"VEN","Asian Tour",46,0,25.4416524068349,0,0,1
1275,"Ikjae Jang",2.45522411573083,"6658",181,0,17.1286645814115,0,0,"KOR","Japan Golf Tour",26,0,7.13077265266809,0,0,1
1276,"Kelvin Day",2.45807291466143,"15281",123,0,11.7359954034535,0,0,"ENG","PGA Tour Latinoamerica",21,0,5.81107513101252,0,0,1
1277,"Seonghyeon Jeon",2.45934460135921,"21514",114,0,20.3048614352385,0,0,"KOR","Korean Golf Tour",40,0,16.9913034704016,0,0,1
1278,"Michael Arnaud",2.45963625395911,"13815",120,0,35.4652916474552,0,0,"USA","Web.com Tour",68,0,29.8755728051294,0,0,1
1279,"James Maw",2.46034708727057,"18909",128,0.42304682817397,14.8052766659273,0.0285740575958006,0,"ENG","EuroPro Tour",30,0.42304682817397,8.4628789127081,0.0499885242997759,0,1
1280,"Stuart MacDonald",2.46176023119988,"18571",109,0,27.7136689891962,0,0,"CAN","Web.com Tour",52,0,22.4411738431186,0,0,1
1281,"Riley Fleming",2.46253786967168,"17577",41,0,1.74024197670951,0,0,"CAN","PGA Tour Canada",2,0,0.628573254116553,0,0,1
1282,"John Daly",2.46409802332438,"863",45,6.24951086894502,6.24951086894502,1,1,"USA","European Tour",12,3.9031953202611,3.9031953202611,1,0,1
1283,"Mads Sogaard",2.46517754746729,"15678",106,0.349660794741432,9.5271867083745,0.0367013689816824,0,"DEN","European Challenge Tour",21,0,5.20057178017492,0,0,1
1284,"Hugo Dobson",2.46591554651156,"16058",95,0,14.2201228874475,0,0,"ENG","EuroPro Tour",40,0,11.8995291410466,0,0,1
1285,"Chase Marinell",2.46640822801989,"19750",90,0,7.76728361192554,0,0,"USA","PGA Tour Canada",20,0,5.18603133171339,0,0,1
1286,"Lloyd Jefferson Go",2.46839146185231,"15978",48,0,32.4256945167673,0,0,"PHI","China Tour",44,0,31.74206535736,0,0,1
1287,"Florian Fritsch",2.46858180613618,"9217",177,9.71261072450879,20.5294925496738,0.473105250946065,0,"GER","European Tour",43,5.28043177431316,14.7862455396926,0.357117820080711,0,1
1288,"MD Zamal Hossain Mollah",2.4690389864985,"15206",53,1.7174680514,23.9783429460593,0.0716258023026672,0,"BAN","Asian Tour",34,1.7174680514,22.5582523257384,0.076134800985465,0,1
1289,"Tommy Cocha",2.47003721261548,"12805",189,0,41.7163330748756,0,0,"ARG","PGA Tour Latinoamerica",73,0,31.4993879255219,0,0,1
1290,"Viraj Madappa",2.47276656612451,"20882",87,12.4577804808441,38.6070453951349,0.322681530102636,0,"IND","Asian Tour",74,10.1361671428009,35.1944000906544,0.288005112082945,0,1
1291,"Santiago Bauni",2.47393753335576,"17025",88,0,17.4438268653719,0,0,"ARG","PGA Tour Latinoamerica",37,0,13.895538391136,0,0,1
1292,"Mathew Perry",2.4753938208638,"15894",98,1.61473676931782,14.0960596182183,0.114552351015234,0,"NZL","China Tour - PGA Tour China Series",26,1.61473676931782,9.11296797316865,0.177191094500946,0,1
1293,"Adam Groom",2.47985809720979,"7394",46,0.0444116367451449,0.838988249794476,0.0529347541589817,0,"AUS","Asian Tour",0,0,0,NA,0,NA
1294,"Todd Clements(Am)",2.47986494944692,"22608",76,1.88184399433458,19.1130113715201,0.0984587911216689,0,"ENG","MENA Golf Tour",26,1.34605418033115,16.372616467377,0.0822137489761158,0,1
1295,"Paul Maddy",2.48084255302158,"17343",207,3.59618382842869,29.0078758547358,0.123972670265051,0,"ENG","European Challenge Tour",66,1.02331219451955,22.6083303055111,0.0452626169509786,0,1
1296,"Alex Wennstam",2.48139490405672,"19933",163,0.667527093557757,29.9277304186958,0.0223046346722221,0,"SWE","European Challenge Tour",56,0.648013664037684,22.4114033411635,0.0289144617217014,0,1
1297,"Byungjun Kim",2.4836284000808,"15532",176,0.0430792876427906,37.1188842864504,0.00116057603753236,0,"KOR","Korean Golf Tour",65,0,27.9103450880081,0,0,1
1298,"Seungbo Jang(Am)",2.48445481183843,"20839",42,0,7.13638609277951,0,0,"KOR","Korean Golf Tour",26,0,6.37566014868949,0,0,1
1299,"Jungho Yoon",2.48608417840594,"12200",143,0,26.3244522463766,0,0,"KOR","Korean Golf Tour",49,0,18.4185284564188,0,0,1
1300,"Oscar Serna",2.4882244755451,"5972",54,5.07258790865199,11.825490553331,0.428953698434365,0,"MEX","European Challenge Tour",40,4.63967893052875,10.8980359736119,0.425735328986168,0,1
1301,"Keiichiro Fukabori",2.48904434716507,"3976",134,0,13.8154425369944,0,0,"JPN","Japan Golf Tour",24,0,9.30702100760072,0,0,1
1302,"Chase Parker",2.48958675575079,"22046",63,0.0649044948753202,3.16367151103642,0.0205155606860263,0,"USA","Web.com Tour",2,0,0.573681837554317,0,0,1
1303,"Shintaro Kobayashi",2.48992556429448,"10560",146,0.992612828683966,19.1970286318771,0.0517065868743723,0,"JPN","Japan Golf Tour",20,0.992612828683966,14.1065978732273,0.0703651466926575,0,1
1304,"Yosuke Tsukada",2.49109996526498,"14567",192,0.0675098332935467,31.1645780130764,0.00216623607947524,0,"JPN","Japan Golf Tour",47,0,19.746456779147,0,0,1
1305,"Udorn Duangdecha",2.49226204997985,"7113",75,0,18.7880345169238,0,0,"THA","Asian Development Tour",32,0,16.8801502179252,0,0,1
1306,"Chris Smith",2.49504883010412,"2079",65,2.2716687287961,6.77626997250228,0.335238816932384,0,"USA","Web.com Tour",15,2.04853009134417,4.81917955005605,0.425078598974455,0,1
1307,"Curtis Thompson",2.4950660489458,"19395",147,0,12.7084747194951,0,0,"USA","Web.com Tour",29,0,7.97695555136152,0,0,1
1308,"Brinson Paolini",2.50131493282991,"17638",118,0,24.7088843822671,0,0,"USA","European Challenge Tour",48,0,18.3888500547134,0,0,1
1309,"Sebastian Saavedra",2.50138244086357,"11922",145,0,21.4970691085055,0,0,"ARG","PGA Tour Latinoamerica",35,0,12.9678342350738,0,0,1
1310,"William Kropp",2.50453864086318,"18193",113,0,13.5620644043568,0,0,"USA","PGA Tour Latinoamerica",31,0,9.94216738279443,0,0,1
1311,"Javier Colomo",2.50459253706762,"12605",138,2.30552902301914,17.5130185879184,0.131646581167317,0,"ESP","Asian Tour",26,0,8.92118898516023,0,0,1
1312,"Damian Telles",2.50771905176431,"16812",56,0,8.44256612334171,0,0,"USA","PGA Tour Canada",22,0,6.38219515266154,0,0,1
1313,"Will McCurdy",2.50844940280965,"17758",106,0,10.2167992634484,0,0,"USA","PGA Tour Canada",26,0,7.35956153354454,0,0,1
1314,"Fredrik From",2.5088345345652,"21621",138,1.05496102527789,31.6571613164566,0.0333245616918115,0,"SWE","MENA Golf Tour",47,1.05496102527789,25.9720806054051,0.0406190417050507,0,1
1315,"Patrick Sullivan",2.50969765756777,"11499",68,0,24.5469155229331,0,0,"USA","Web.com Tour",43,0,18.9043440018734,0,0,1
1316,"Tyrone Ferreira",2.51423453999469,"12823",193,4.46875729346947,35.0405174770499,0.127531144378684,0,"RSA","Sunshine Tour",53,3.19751073640927,25.5459371622395,0.125167094716558,0,1
1317,"Mateusz Gradecki",2.51520207874915,"14191",94,0.66805532375019,31.0256830280201,0.021532332524214,0,"POL","ProGolf Tour",57,0.66805532375019,24.4682935171163,0.0273028980661387,0,1
1318,"Christian Braeunig",2.51673942944819,"22969",133,3.42615399794509,27.1478918954883,0.126203316675004,0,"GER","European Challenge Tour",54,2.96993575192462,19.2116116662492,0.154590661289609,0,1
1319,"William Cannon",2.52010029312864,"22919",58,2.81005138882841,13.6080905340584,0.206498581251748,0,"USA","Asian Development Tour",16,2.62221192889849,9.41410770586829,0.278540676485349,0,1
1320,"Daniel Pearce",2.52088588791356,"16933",120,1.23327304890932,24.6022831511385,0.0501283983007998,0,"NZL","PGA Tour Australasia",51,1.02331219451955,21.077401356135,0.0485502067939556,0,1
1321,"Pawin Ingkhapradit",2.52424645245479,"15147",128,0,40.3401202679496,0,0,"THA","Asian Tour",70,0,36.3413639361055,0,0,1
1322,"Rafael Echenique",2.5246837820238,"7988",142,3.07021626803011,25.9548259654513,0.118290766893098,0,"ARG","PGA Tour Latinoamerica",41,1.01575281202885,20.374890150219,0.0498531675282644,0,1
1323,"James Anstiss",2.52506951476598,"24328",53,3.7986816385013,22.0063697060568,0.172617368936404,0,"NZL","PGA Tour Australasia",38,3.7986816385013,19.6452076024547,0.193364290944253,0,1
1324,"Rourke Van der Spuy",2.52590652233631,"18827",190,5.68239384407809,40.9963896418658,0.138607177210434,0,"RSA","Sunshine Tour",58,4.18917410017049,31.2625806388996,0.13399962557659,0,1
1325,"Mark Laskey",2.53066533162183,"11112",127,0,15.4272051845267,0,0,"WAL","EuroPro Tour",43,0,12.5411809232832,0,0,1
1326,"Jeffrey Kang",2.53083650249071,"21889",102,0,19.6535051620389,0,0,"USA","PGA Tour China",50,0,16.0018676192134,0,0,1
1327,"James Nitties",2.53286332605969,"7388",94,3.61091956157099,20.888658175427,0.172865079759829,0,"AUS","PGA Tour Australasia",33,3.10483927750587,17.3078700210449,0.179388871867574,0,1
1328,"Konosuke Nakazato",2.53329710045,"13056",110,0,24.9636261219,0,0,"JPN","Japan Golf Tour",38,0,18.4764811791941,0,0,1
1329,"John Mallinger",2.53419611453414,"9027",63,0.267894907001713,2.05515452014747,0.130352683642732,0,"USA","Web.com Tour",3,0,0.654196126042222,0,0,1
1330,"Matt Schall",2.53470587402728,"18871",77,0,7.07621357398114,0,0,"USA","PGA Tour Latinoamerica",10,0,2.16918883599875,0,0,1
1331,"James Allan",2.5349281550336,"18778",131,0.927906143417536,26.4979118798659,0.035018085486298,0,"ENG","European Challenge Tour",51,0,22.5557123702512,0,0,1
1332,"Mikael Lindberg",2.53601919279097,"20084",161,0,28.1122566859313,0,0,"SWE","Nordic Golf League",53,0,20.2584390088123,0,0,1
1333,"Jason Timmis",2.53765268089646,"16181",72,0,6.89914706903011,0,0,"ENG","EuroPro Tour",20,0,5.41265075770915,0,0,1
1334,"Wang Wei Lun",2.53998911604334,"19494",114,0,34.5416696318052,0,0,"TPE","Asian Tour",68,0,31.6756195549393,0,0,1
1335,"Josh Hart",2.54064316269989,"13544",44,0,9.20820540789056,0,0,"USA","PGA Tour Canada",28,0,8.19980831630137,0,0,1
1336,"Yoshitaka Takeya",2.54072059626573,"12208",204,0,36.1180056981564,0,0,"JPN","Japan Golf Tour",57,0,24.4070171827785,0,0,1
1337,"Blake Olson",2.54079448232582,"19758",107,0,19.1984426987578,0,0,"USA","PGA Tour Latinoamerica",46,0,16.8489360894065,0,0,1
1338,"K.P. Lin",2.5415934707982,"15023",109,0,27.7161205128496,0,0,"TPE","Asian Development Tour",42,0,23.73752035406,0,0,1
1339,"Young-woong Kim",2.54268644513306,"17753",43,0,15.9323611506497,0,0,"KOR","Korean Golf Tour",33,0,15.2083485633955,0,0,1
1340,"Gustav Adell",2.54380600485921,"12234",108,0.648013664037684,13.6250120958121,0.0475605936699949,0,"SWE","Nordic Golf League",33,0.648013664037684,10.9654993360489,0.0590956822100522,0,1
1341,"Backjun Bobby An",2.54681564299465,"17484",121,0,23.1188039500017,0,0,"KOR","Korean Golf Tour",38,0,14.4185003522558,0,0,1
1342,"Tomoyasu Sugiyama",2.54800325848833,"18016",47,0,14.4346489064112,0,0,"JPN","Japan Golf Tour",27,0,12.853918125745,0,0,1
1343,"David Denlinger",2.54840866050347,"23015",72,0,22.685056127295,0,0,"USA","PGA Tour Latinoamerica",34,0,17.1773549570616,0,0,1
1344,"Jonathan Ruiz",2.54939264705683,"19763",88,0.121347140879184,13.5950979987737,0.00892580111523504,0,"USA","PGA Tour Canada",35,0,9.42074513223977,0,0,1
1345,"Shaun Micheel",2.55042826647831,"4377",78,2.7385128866109,9.17358089262817,0.298521691656041,0,"USA","Web.com Tour",20,1.77593692922519,5.40142721293836,0.328790310266735,0,1
1346,"Luke Joy",2.55091037809081,"19314",161,2.59112129236518,32.751969220358,0.0791134503984142,0,"ENG","MENA Golf Tour",47,1.78693767381487,26.1300945236768,0.0683861924875817,0,1
1347,"Narutoshi Yamaoka",2.55152748311426,"14731",109,0,24.7303154666418,0,0,"JPN","Japan Golf Tour",47,0,20.6239458281157,0,0,1
1348,"Peter Launer Baek",2.55153458954017,"19642",109,0,30.7954694948224,0,0,"DEN","Nordic Golf League",58,0,24.130799696795,0,0,1
1349,"Matthew Pinizzotto",2.55269958261858,"19759",47,0,10.864908901798,0,0,"USA","PGA Tour Latinoamerica",24,0,8.28865478260103,0,0,1
1350,"Ondrej Lieser",2.55392888068451,"13390",47,0.809364666628816,12.2210527479237,0.0662270823408667,0,"CZE","ProGolf Tour",33,0.66805532375019,11.5761059588949,0.0577098487282649,0,1
1351,"John Parry",2.55540778439802,"13764",104,2.29878243837345,6.76440160440988,0.339835298494816,0,"ENG","European Tour",16,0,3.78506969641394,0,0,1
1352,"Dalan Refioglu",2.5556872989819,"19475",108,0,35.2943754199626,0,0,"USA","PGA Tour Latinoamerica",55,0,26.6243371016084,0,0,1
1353,"Ryuichi Oda",2.55640303272722,"7132",107,0,3.09511669858249,0,0,"JPN","Japan Golf Tour",0,0,0,NA,0,NA
1354,"Daesub Kim",2.55899165354812,"6644",71,0,2.99285799005643,0,0,"KOR","Korean Golf Tour",0,0,0,NA,0,NA
1355,"Myung-Ho Kwon",2.56353008179713,"15540",87,0,8.34840653674398,0,0,"KOR","Korean Golf Tour",16,0,4.91262418455748,0,0,1
1356,"Chris Evans(Feb1985)",2.56513257974739,"19902",104,0,10.0961747159704,0,0,"ENG","EuroPro Tour",26,0,7.21854392300217,0,0,1
1357,"Ruan Conradie",2.56764508128732,"23524",81,1.05496102527789,37.7085224339459,0.0279767266703665,0,"RSA","Sunshine Tour",71,1.05496102527789,36.0537627715088,0.0292607745816635,0,1
1358,"Joshua White",2.56894158303723,"18784",103,1.30991962480209,18.1674539465464,0.07210254274794,0,"ENG","European Challenge Tour",31,0.42304682817397,15.6767998454913,0.0269855348249304,0,1
1359,"Aron Zemmer",2.57096297474034,"15952",176,0.0894843094140283,37.502346710448,0.00238609893148629,0,"ITA","PGA Tour China",70,0,31.1124367198344,0,0,1
1360,"Katsufumi Okino",2.57230441950421,"9571",68,0,6.99601005401681,0,0,"JPN","Japan Golf Tour",14,0,4.35129172576202,0,0,1
1361,"Taichi Teshima",2.57532692109138,"5820",217,0,32.6790523606134,0,0,"JPN","Japan Golf Tour",59,0,21.2724828543875,0,0,1
1362,"Andrew Curlewis",2.57533555617302,"9899",159,2.21386557727212,24.9357038470058,0.0887829592000048,0,"RSA","Sunshine Tour",39,1.05496102527789,18.0004884119717,0.058607355596877,0,1
1363,"Seve Benson",2.57826206200933,"11574",73,0.385312583544209,17.918209036049,0.0215039674316229,0,"ENG","European Challenge Tour",33,0,16.9288015563988,0,0,1
1364,"Brendon de Jonge",2.5792544728803,"8767",127,11.6879524132845,16.3991037909456,0.712718973078131,1,"ZIM","PGA Tour",35,8.38086619388487,11.1824295784205,0.7494673796165,0,1
1365,"Rodrigo Lee",2.57957662666922,"17237",139,0,26.3029137609133,0,0,"BRA","PGA Tour Latinoamerica",38,0,18.8522962208158,0,0,1
1366,"Alessandro Tadini",2.58110856536952,"7001",185,0.886590141168661,25.9410201294351,0.0341771501947472,0,"ITA","European Challenge Tour",52,0.42304682817397,20.7538280169893,0.0203840384447466,0,1
1367,"Ashton Turner",2.58360016387707,"22170",93,1.58815324052655,14.068601469204,0.112886362159238,0,"ENG","EuroPro Tour",39,1.58815324052655,11.4313527556904,0.138929597788502,0,1
1368,"Edouard Espana",2.58474251352496,"14787",117,0.435841437480206,23.0332056387679,0.0189223091355824,0,"FRA","European Challenge Tour",53,0,19.7893326163034,0,0,1
1369,"Harry Casey",2.58531987505973,"19458",64,0.154830199730491,10.7613406950794,0.014387631069174,0,"ENG","European Challenge Tour",33,0,9.01006846018626,0,0,1
1370,"Kasidit Lepkurte",2.58888794757855,"15653",106,0,28.2992993388862,0,0,"THA","Asian Development Tour",42,0,24.065784173255,0,0,1
1371,"John Ross Galbraith",2.58890687383661,"18905",45,0.0183601858354373,12.6048032670885,0.00145660233217413,0,"NIR","EuroPro Tour",41,0,12.5615453525705,0,0,1
1372,"Scott Barr",2.58979869774854,"5870",138,0.878151037712696,10.4736859825014,0.0838435522298303,0,"AUS","Asian Tour",14,0,4.01410519163115,0,0,1
1373,"Ales Korinek",2.59002076293146,"17865",58,0.856761614405339,12.0449713238115,0.0711302328060858,0,"CZE","ProGolf Tour",32,0.66805532375019,10.8904736086943,0.0613430919309931,0,1
1374,"Raththee Sirithanakunsak",2.59545926588383,"13093",103,0,21.4258001349478,0,0,"THA","Asian Tour",34,0,17.9871605230481,0,0,1
1375,"Jin Daxing",2.59754441826368,"15869",157,2.95697925011566,43.031225513498,0.0687170587132852,0,"CHN","PGA Tour China",74,0,36.0215614527229,0,0,1
1376,"Pannakorn Uthaipas",2.598760576133,"13786",224,0.992612828683966,49.450656235318,0.0200727938565764,0,"THA","Asian Development Tour",85,0.992612828683966,41.08638563091,0.024159166435346,0,1
1377,"Kyeongjun Lee",2.60652446064369,"21524",121,0,26.3457562170207,0,0,"KOR","Korean Golf Tour",49,0,18.8675204525249,0,0,1
1378,"Nirun Sae-Ueng",2.60730384105821,"18594",179,0.0816699131258295,36.9679393059628,0.00220920924073949,0,"THA","Asian Development Tour",70,0,31.1702272352845,0,0,1
1379,"Minkyu Han",2.60908764998016,"11126",137,0,22.2581081045695,0,0,"KOR","Korean Golf Tour",47,0,18.1290658809855,0,0,1
1380,"Morten Orum Madsen",2.60964891409609,"13411",200,4.52373854551768,34.2957252241208,0.131903860202847,0,"DEN","European Challenge Tour",51,2.83126653973983,22.3129454804944,0.126888964176194,0,1
1381,"Neil O'Briain",2.60986455178207,"17820",88,2.90368926240459,21.4432365388415,0.135412826190904,0,"IRL","European Challenge Tour",38,2.68232695208624,17.7245427879251,0.151334056070184,0,1
1382,"James Erkenbeck",2.61069263005894,"17720",67,0,12.9313011280208,0,0,"USA","European Challenge Tour",30,0,8.06408461072087,0,0,1
1383,"Jason Barnes",2.61254556104075,"15186",59,0,1.0472479914968,0,0,"ENG","European Challenge Tour",0,0,0,NA,0,NA
1384,"Brad Moules",2.61564795481638,"17917",118,1.27635233655212,23.6592600440803,0.053947263531239,0,"AUS","PGA Tour Australasia",40,1.02331219451955,18.8763921425674,0.0542112172066994,0,1
1385,"Mario Beltran",2.61576635502313,"24563",47,0,24.5520373592926,0,0,"ESP","PGA Tour Latinoamerica",41,0,20.1775170440169,0,0,1
1386,"Masaya Tomida",2.61582155395102,"8881",48,0,5.12273789197717,0,0,"JPN","Japan Golf Tour",4,0,3.7636,0,0,1
1387,"Paul Apyan",2.61916997657102,"14294",88,0,3.6500270675376,0,0,"USA","PGA Tour Latinoamerica",0,0,0,NA,0,NA
1388,"Jesper Billing",2.62196311388375,"13443",66,0,13.161554510557,0,0,"SWE","Nordic Golf League",31,0,10.0449116387701,0,0,1
1389,"Niccolo Quintarelli",2.62245875522638,"13897",102,0,10.3461397481057,0,0,"ITA","Alps Golf Tour",17,0,7.10982997368936,0,0,1
1390,"Oscar Stark",2.6227288986084,"18131",191,2.39519352303269,25.9775020560522,0.0922026112389303,0,"SWE","European Challenge Tour",56,1.60373548487563,18.4211715890354,0.087059364119392,0,1
1391,"Derek Rende",2.6228886687506,"17380",55,0.117706726652809,1.45894180290304,0.0806795215673396,0,"USA","PGA Tour Latinoamerica",0,0,0,NA,0,NA
1392,"Kookhyan Kim",2.62547437994485,"13876",86,0,6.18466376897832,0,0,"KOR","Korean Golf Tour",11,0,3.08522658172588,0,0,1
1393,"M. Dharma",2.62556087423174,"12881",77,1.78345594014044,29.7141472815248,0.0600204314545256,0,"IND","Asian Tour",52,1.7174680514,27.702381861678,0.0619971257336486,0,1
1394,"A.J. McInerney",2.6261487569253,"22915",79,1.65903563269592,7.3580702869219,0.225471566321493,0,"USA","Web.com Tour",6,0.955721820837944,1.52940365839226,0.624898348839192,0,1
1395,"Tom Shadbolt",2.626936486861,"15190",134,0,25.3222078929418,0,0,"ENG","Alps Golf Tour",49,0,21.7690034217767,0,0,1
1396,"Ryuji Masaoka",2.62776881260621,"8394",186,0,29.7928493868084,0,0,"JPN","Japan Golf Tour",42,0,17.7478793311237,0,0,1
1397,"Donghwan Lee",2.63153442736519,"8211",223,0.259015683785984,35.8720998770104,0.00722053307930214,0,"KOR","Web.com Tour",52,0,21.5383019731203,0,0,1
1398,"Sengyong Kim",2.63301645748345,"13501",148,0,29.1911631854881,0,0,"KOR","Korean Golf Tour",54,0,22.3737473784072,0,0,1
1399,"Kisang Lee",2.63420709519785,"14480",136,0,25.2919771294876,0,0,"KOR","Korean Golf Tour",41,0,16.9320408865654,0,0,1
1400,"Jaejin Lee",2.63494533897582,"21522",99,0,18.856267949889,0,0,"KOR","Korean Golf Tour",39,0,15.5483052820215,0,0,1
1401,"Richard James",2.6362855057194,"17810",93,0,8.00901231150932,0,0,"WAL","EuroPro Tour",20,0,5.60577646653515,0,0,1
1402,"Carlos del Moral",2.63654776726119,"10222",115,0.50573057020827,15.2321471828063,0.033201528592051,0,"ESP","European Challenge Tour",39,0.42304682817397,10.91683741184,0.0387517750988167,0,1
1403,"Jason Knutzon",2.6406850171456,"7231",113,0.953893594303101,8.94636310214653,0.10662361715167,0,"USA","Asian Tour",16,0,4.65090833049477,0,0,1
1404,"Daniel Balin",2.64436960177252,"14872",45,0.628573254116553,1.21933835850832,0.515503551356753,1,"USA","PGA Tour Latinoamerica",2,0.628573254116553,0.628573254116553,1,0,1
1405,"Luo Xuewen",2.64567630476366,"17349",139,3.45612077462726,39.6396825639635,0.0871884069467605,0,"CHN","PGA Tour China",69,0,32.338903834086,0,0,1
1406,"Titch Moore",2.64573473614629,"6312",190,2.18987108602203,35.0282430559096,0.0625172973285216,0,"RSA","Sunshine Tour",53,1.05496102527789,26.1312593275685,0.0403716105700618,0,1
1407,"Richard S. Johnson",2.64637981714983,"1805",56,1.82397866362106,2.84450458428248,0.641228941482319,1,"SWE","European Tour",0,0,0,NA,0,NA
1408,"Yeh Yu-Chen",2.6479071248713,"17771",58,0,19.722892450515,0,0,"TPE","Asian Tour",28,0,17.1001772134098,0,0,1
1409,"Adam Burdett",2.64866176959458,"17161",89,3.10483927750587,19.9143351839122,0.155909762933694,0,"AUS","PGA Tour Australasia",31,3.10483927750587,14.9038440692918,0.208324729047799,0,1
1410,"Kade McBride",2.64973517510269,"17789",48,1.38768472199088,22.4013452133503,0.0619464906582426,0,"AUS","PGA Tour Australasia",30,1.38768472199088,20.0494343107719,0.0692131608543846,0,1
1411,"Alex Aragon",2.6508667977966,"7623",43,0,1.96461458193364,0,0,"USA","Web.com Tour",0,0,0,NA,0,NA
1412,"Brendan McCarroll",2.6511371123131,"13334",60,0,12.4204270266688,0,0,"IRL","EuroPro Tour",37,0,10.9316212170871,0,0,1
1413,"Jacques de Villiers",2.65198087218048,"21026",98,0,30.7211346115344,0,0,"RSA","Sunshine Tour",55,0,27.9782073011567,0,0,1
1414,"Jamie Elson",2.65228863811183,"7564",89,1.909148453751,11.2017689154583,0.170432765410505,0,"ENG","MENA Golf Tour",10,0.731976648536978,6.86931611102,0.106557426781207,0,1
1415,"Hugues Jr Joannes",2.65460497240196,"11201",163,5.41991556854916,29.2687062120096,0.18517783223111,0,"BEL","European Challenge Tour",66,5.27855576816362,23.2773412680952,0.226767984683827,0,1
1416,"Andrew Evans",2.65685419180193,"15589",147,2.32836022104109,27.6868222206426,0.0840963329950202,0,"AUS","PGA Tour Australasia",41,2.08152708298631,21.8888848471048,0.0950951634825577,0,1
1417,"Nahum Mendoza III",2.65713196680348,"23473",59,0,9.45460335434498,0,0,"USA","PGA Tour Canada",16,0,5.31031874558164,0,0,1
1418,"Kazuhiro Yamashita",2.65739818241911,"6833",200,0,31.7407841944492,0,0,"JPN","Japan Golf Tour",52,0,22.3860559044373,0,0,1
1419,"Andrea Saracino",2.65832926342195,"21013",85,0.453861503068893,15.2778169188415,0.0297072222739602,0,"ITA","Alps Golf Tour",37,0.42304682817397,12.0387908929329,0.0351403086851779,0,1
1420,"Matt Hill",2.6591460619675,"14029",64,0.121347140879184,4.37124005300034,0.0277603470429161,0,"CAN","PGA Tour Canada",10,0,2.79246062021947,0,0,1
1421,"Steven Fox",2.65930473563651,"17059",52,0,15.5377486692322,0,0,"USA","Web.com Tour",12,0,11.1299600514,0,0,1
1422,"Johnson Poh",2.66134701171679,"12719",165,1.665944009858,32.7030603953637,0.0509415323739603,0,"SIN","Asian Development Tour",58,1.665944009858,24.7845420083945,0.0672170584912864,0,1
1423,"Juan Diego Fernandez",2.66155726464089,"16237",48,0,2.84734657646833,0,0,"MEX","PGA Tour Latinoamerica",4,0,1.60402827417263,0,0,1
1424,"Eric Onesi",2.66417912849249,"15457",125,0,17.2217443424996,0,0,"USA","PGA Tour Canada",41,0,12.0342459659275,0,0,1
1425,"Daniel Im",2.66435465134253,"12971",215,21.7449993866532,27.8351091911591,0.781207619388817,1,"USA","European Tour",51,12.6511028085019,18.2585081775193,0.692888087323502,0,1
1426,"Ryoma Iwai",2.66521757644958,"14303",52,0,16.2077700044863,0,0,"JPN","PGA Tour China",32,0,13.2882603930514,0,0,1
1427,"Om Prakash Chouhan",2.66747445739107,"13794",49,1.94426260916201,21.0809871988497,0.0922282524448431,0,"IND","Asian Tour",31,1.7174680514,19.3715302283477,0.0886593898961431,0,1
1428,"Shotaro Ban",2.6703144671576,"22304",75,0,26.9307429723196,0,0,"USA","PGA Tour China",57,0,24.0795589450565,0,0,1
1429,"Curtis Yonke",2.67122108677397,"18264",89,0,21.0914860034618,0,0,"USA","PGA Tour Latinoamerica",30,0,15.8682656427724,0,0,1
1430,"Andrew Marshall",2.67245121849317,"7177",72,0.0768432212600929,2.64222060724721,0.0290828180846534,0,"ENG","MENA Golf Tour",0,0,0,NA,0,NA
1431,"Teremoana Beaucousin",2.67387812159867,"17717",45,0,17.1243216357221,0,0,"FRA","Alps Golf Tour",43,0,16.7498013204464,0,0,1
1432,"Luke Toomey",2.67479026454357,"17889",106,0,26.7419015588472,0,0,"NZL","PGA Tour Australasia",48,0,20.9688034550346,0,0,1
1433,"Rhys West",2.67565551851404,"10989",172,3.47793465599949,37.3964560970637,0.0930017177823588,0,"RSA","Sunshine Tour",58,2.07827321979744,29.854804972322,0.0696126878646228,0,1
1434,"Ryan Heisey",2.67603385398129,"19469",79,0,2.62939132178769,0,0,"USA","PGA Tour Canada",0,0,0,NA,0,NA
1435,"Daniel Jennevret",2.67742729749631,"13449",127,0,21.7780670899953,0,0,"SWE","Nordic Golf League",41,0,16.6710893871682,0,0,1
1436,"Kevin Yuan",2.6795317964603,"22668",91,0,35.4274802672655,0,0,"AUS","PGA Tour China",61,0,31.7882916165937,0,0,1
1437,"Carlos Pigem",2.68782383110545,"13885",221,22.5788976072721,35.4064317881509,0.637706102167244,1,"ESP","European Tour",61,14.5567867421528,24.3057597565862,0.598902765761448,0,1
1438,"Hidemasa Hoshino",2.69036711685236,"6001",109,0,4.47948970515274,0,0,"JPN","Japan Golf Tour",0,0,0,NA,0,NA
1439,"David Cooke",2.69100326507328,"10310",41,4.25524357364407,14.2320805902495,0.298989564221507,0,"USA","PGA Tour Latinoamerica",29,4.25524357364407,11.4611926778448,0.371274063114716,0,1
1440,"Esak Choi",2.69468310800017,"17486",138,0,25.2177986190268,0,0,"KOR","Korean Golf Tour",50,0,19.209332099324,0,0,1
1441,"Darren Walkley",2.69492263140469,"22362",101,0,33.4774981528967,0,0,"ENG","EuroPro Tour",56,0,31.2739291709923,0,0,1
1442,"Nattawat Suvajanakorn",2.69915718200159,"17018",170,0,34.9293472968413,0,0,"THA","Asian Development Tour",70,0,28.7489017648837,0,0,1
1443,"Sattaya Supupramai",2.70068006522684,"11268",142,0,26.1143054185572,0,0,"THA","Asian Tour",48,0,21.2765044234268,0,0,1
1444,"Dillon Rust",2.70081674619774,"18771",71,0,2.29170774986119,0,0,"USA","PGA Tour Canada",0,0,0,NA,0,NA
1445,"Quincy Quek",2.70154646261376,"10557",180,0.276180316496612,36.8719309623928,0.00749025910192498,0,"SIN","Asian Tour",65,0,29.4671949477237,0,0,1
1446,"Ludwig Nordeklint",2.70240462200074,"8181",115,0,13.5460736807538,0,0,"SWE","Nordic Golf League",30,0,9.14605619820358,0,0,1
1447,"Joongkyung Mo",2.70376489381794,"5940",135,0,26.6465243748191,0,0,"KOR","Korean Golf Tour",53,0,20.6271530322566,0,0,1
1448,"Tatsunori Nukaga",2.70473340882818,"9591",130,0,22.4155354086777,0,0,"JPN","Japan Golf Tour",35,0,14.4300918996053,0,0,1
1449,"Oliver Gillberg",2.70683147733956,"21652",92,1.39323123733109,19.2938536341488,0.0722111437014932,0,"SWE","Nordic Golf League",27,1.20302120562947,14.47878623638,0.0830885397428353,0,1
1450,"Daniel Gavins",2.70702377280697,"18241",104,12.8566044936009,24.6049167275568,0.522521764083106,1,"ENG","EuroPro Tour",52,12.5851458753795,22.8022920594023,0.551924597869103,0,1
1451,"Ignacio Marino",2.70845848453815,"18334",135,0,35.8802560514682,0,0,"ARG","PGA Tour Latinoamerica",55,0,26.7808393271939,0,0,1
1452,"Craig Howie",2.71220197700296,"24352",79,0,28.0878489936785,0,0,"SCO","ProGolf Tour",48,0,19.7749535157282,0,0,1
1453,"Thomas Perrot",2.71296843034493,"18697",49,0,2.58712720970281,0,0,"FRA","Alps Golf Tour",0,0,0,NA,0,NA
1454,"Rasmus Hjelm Nielsen",2.71302450811984,"11622",122,0.0281237217803741,12.49358193195,0.002251053535612,0,"DEN","European Challenge Tour",30,0,8.51774784939078,0,0,1
1455,"Scott Strange",2.71406688837498,"7478",151,1.47384329727646,36.0157105946358,0.0409222329073238,0,"AUS","Japan Golf Tour",69,1.38768472199088,32.0900477975542,0.0432434607372769,0,1
1456,"Sam Connor",2.7143612908811,"18679",96,0,11.5125178026214,0,0,"ENG","EuroPro Tour",31,0,9.07659246471674,0,0,1
1457,"Takashi Iwamoto",2.71578586375886,"7174",151,0,21.049719611319,0,0,"JPN","Japan Golf Tour",27,0,11.7364128602038,0,0,1
1458,"Shae Wools-Cobb",2.73116464030019,"18901",46,0,14.3887101564692,0,0,"AUS","PGA Tour Australasia",20,0,12.7737481949201,0,0,1
1459,"Julien Foret",2.73256789735578,"8815",141,0,26.6077441222001,0,0,"FRA","Alps Golf Tour",45,0,21.8676565334966,0,0,1
1460,"Callum Mowat",2.73526498275621,"18153",158,2.83830562692434,30.2347298296497,0.0938756735355697,0,"RSA","Sunshine Tour",50,2.10992205055578,23.2243119093716,0.0908497120943495,0,1
1461,"Sung Mao-chang",2.73671264752793,"7635",54,0,11.2153421962613,0,0,"TPE","Asian Tour",16,0,8.85947061390913,0,0,1
1462,"Charlie Bull",2.73877903648222,"19735",133,0,30.8405007081173,0,0,"ENG","PGA Tour Canada",49,0,24.4445308081443,0,0,1
1463,"Guillermo Pumarol",2.73934403182091,"15903",109,0.341814579703638,28.0289707780132,0.0121950457050592,0,"DOM","PGA Tour Latinoamerica",40,0,20.5382833386401,0,0,1
1464,"Dodge Kemmer",2.7395117500997,"14865",95,0,22.383327241551,0,0,"USA","Asian Tour",34,0,16.3367398626945,0,0,1
1465,"Will Mackenzie",2.74163757432777,"7470",104,8.10286982667174,13.8244441028081,0.586126267820479,1,"USA","PGA Tour",15,4.33743626502367,9.50371258214419,0.456393880552843,0,1
1466,"Osang Kwon",2.74415840112241,"20782",71,0,16.579646258914,0,0,"KOR","Korean Golf Tour",33,0,14.8233399677814,0,0,1
1467,"Ivan Cantero Gutierrez",2.74469716601401,"19635",91,14.159481023282,28.3684131356851,0.499128412842752,0,"ESP","European Challenge Tour",55,14.159481023282,24.1479881527625,0.586362761721919,0,1
1468,"Lin YuxinAm)",2.74530065478582,"18983",75,3.03613363023495,14.4316736805764,0.210379869822118,0,"CHN","China Tour - PGA Tour China Series",20,1.8401842158279,11.4664366772072,0.160484400483874,0,1
1469,"Sam Walker",2.74615619221757,"7157",132,3.75049952876669,6.67231498958957,0.562098692075897,1,"ENG","European Challenge Tour",2,0,0.42304682817397,0,0,1
1470,"Shun Yat Hak",2.746908136905,"13568",129,0,34.885983173819,0,0,"HKG","PGA Tour China",62,0,29.350259607843,0,0,1
1471,"Robert Coles",2.75017450154405,"5714",56,2.13731646080218,3.0928131551087,0.691059030601887,1,"ENG","European Challenge Tour",4,1.27643802864034,1.27643802864034,1,0,1
1472,"Chawalit Plaphol",2.75124201537461,"5745",107,0.0444116367451449,16.540588359365,0.00268500949181773,0,"THA","Asian Tour",20,0,12.2843170768758,0,0,1
1473,"Kenichi Kuboya",2.75189225779825,"5790",180,0,30.2188906723267,0,0,"JPN","Japan Golf Tour",55,0,20.7855541317094,0,0,1
1474,"Mario Galiano Aguilar",2.75245832139816,"19557",115,0,37.4415227286148,0,0,"ESP","PGA Tour Latinoamerica",70,0,29.7611336867914,0,0,1
1475,"Ryan Cairns",2.75383019426472,"10634",142,2.359004200193,27.1573296899233,0.0868643650582593,0,"ZIM","Sunshine Tour",35,2.14254971113138,20.4764434145565,0.104634856149299,0,1
1476,"Edward Figueroa",2.7546543513563,"16044",103,1.54498098706697,23.5310481365417,0.0656571257728102,0,"PUE","PGA Tour Latinoamerica",36,1.47484825378986,17.6543311804795,0.0835403074017667,0,1
1477,"Lin Wen-Ko",2.75570002751421,"6980",42,0,5.04968601078095,0,0,"TPE","Asian Tour",10,0,3.80794936415776,0,0,1
1478,"Rick Kulacz",2.75605063323098,"10839",98,1.23327304890932,21.2270942728865,0.0580990046520211,0,"AUS","PGA Tour Australasia",36,1.02331219451955,16.9325836866689,0.0604344979747663,0,1
1479,"Inhoi Hur",2.75762594488677,"9635",206,0,40.4278717669806,0,0,"KOR","Korean Golf Tour",72,0,30.3910417348269,0,0,1
1480,"MJ Viljoen",2.75983654203314,"19537",170,4.62482131206163,36.7045560430373,0.126001287323538,0,"RSA","Sunshine Tour",54,3.16586190565094,27.9660826973776,0.113203623829225,0,1
1481,"Andrew Van der Knaap",2.76261909383578,"23150",95,0.216454489061621,26.0552376183252,0.00830752312576816,0,"RSA","Sunshine Tour",29,0,19.4933438634253,0,0,1
1482,"Stanislav Matus",2.76345260072972,"14086",150,0.66805532375019,24.9657729466399,0.0267588480107564,0,"CZE","ProGolf Tour",51,0.66805532375019,19.3813009753751,0.0344690650333013,0,1
1483,"Ola Johansson",2.76360284800313,"20403",69,0,1.7963136949585,0,0,"SWE","Nordic Golf League",0,0,0,NA,0,NA
1484,"Robin Petersson",2.77197302771577,"23029",102,0,19.5941557877162,0,0,"SWE","Nordic Golf League",38,0,11.6613661338407,0,0,1
1485,"Daisuke Maruyama",2.77312804780172,"6018",148,0,26.0327770186474,0,0,"JPN","Japan Golf Tour",45,0,18.8981446474356,0,0,1
1486,"Benjamin Clementson",2.77397763843679,"15912",101,1.02331219451955,15.4993617173048,0.0660228603721815,0,"AUS","PGA Tour Australasia",28,1.02331219451955,10.5987234712043,0.0965505135877728,0,1
1487,"Franco Romero",2.77796375564813,"16802",43,0,2.2756941079154,0,0,"ARG","PGA Tour Latinoamerica",2,0,0.962834443823447,0,0,1
1488,"Joel Thelen",2.77803165231437,"19770",42,0,5.29201659765027,0,0,"USA","PGA Tour Canada",10,0,3.92663802393595,0,0,1
1489,"Jacopo Vecchi Fossa",2.77862978422483,"17362",88,1.00687089558932,16.7997828598443,0.059933566046023,0,"ITA","European Challenge Tour",28,0.886571911280373,9.94520960881417,0.0891456234863696,0,1
1490,"Ben Geyer",2.77942178114513,"19361",110,0,16.0308172438735,0,0,"USA","PGA Tour Canada",40,0,13.5590755456798,0,0,1
1491,"Pieter Moolman",2.781437083424,"15995",95,2.14254971113138,38.141325856844,0.0561739704375517,0,"RSA","Sunshine Tour",80,2.14254971113138,36.1698459022205,0.0592357987071173,0,1
1492,"Woochan Kim",2.78222958612974,"9054",132,0,23.1602655987655,0,0,"KOR","Korean Golf Tour",40,0,15.2521124217029,0,0,1
1493,"Rayhan Thomas(AM)",2.78486878328894,"21234",56,3.15225870375115,9.25546205587077,0.340583612651911,0,"IND","MENA Golf Tour",12,2.65172673525236,7.84380244836679,0.338066486593438,0,1
1494,"Xiao Bowen",2.78611189889691,"18624",159,8.6868190496797,40.2988068282944,0.215560204715058,0,"CHN","Asian Tour",74,5.85170424369631,32.877970941857,0.177982523740433,0,1
1495,"Mathew Goggin",2.78663560514582,"3756",86,4.39338847714347,15.3405117801207,0.286391258656489,0,"AUS","Web.com Tour",27,2.0466243890391,10.8181152099,0.189184931878538,0,1
1496,"Callan O'Reilly",2.78870403014311,"16968",121,1.64072486402344,20.3706783060577,0.0805434575801794,0,"AUS","PGA Tour Australasia",32,1.38768472199088,14.9104375066545,0.0930680083244746,0,1
1497,"Mukesh Kumar",2.7906736656795,"5043",63,2.57081193914873,26.3394454663145,0.097603115541538,0,"IND","Asian Tour",36,1.7174680514,24.6312305324074,0.06972725333963,0,1
1498,"Billy Hemstock",2.79110205199967,"14843",94,0,9.31655145970452,0,0,"ENG","EuroPro Tour",21,0,6.46460946557151,0,0,1
1499,"Alexandre Daydou",2.79154289016737,"20129",133,0,20.8528142463121,0,0,"FRA","Alps Golf Tour",42,0,14.6315439674759,0,0,1
1500,"Per Langfors",2.79327154129353,"20414",145,11.8454748174263,29.419770573727,0.402636546323197,0,"SWE","Nordic Golf League",54,11.8454748174263,22.8635950212505,0.518093274763506,0,1
1501,"Shane Bertsch",2.79543949673938,"5605",74,2.14226091314757,8.61910335517267,0.248548001441694,0,"USA","Web.com Tour",14,1.15589007005211,4.07358207195173,0.283752738900458,0,1
1502,"Chris Robb",2.79735073858668,"20297",151,0,32.5156006668868,0,0,"SCO","ProGolf Tour",53,0,25.9508109854154,0,0,1
1503,"Shunsuke Sonoda",2.79882739706778,"12250",187,0,23.6087887533855,0,0,"JPN","Japan Golf Tour",38,0,16.1299967301373,0,0,1
1504,"Tomohiro Umeyama",2.80783256179449,"13151",99,0,28.3443961712417,0,0,"JPN","Japan Golf Tour",49,0,22.0719939019951,0,0,1
1505,"Stuart Archibald",2.80990647625962,"14842",54,0,2.22490098440039,0,0,"ENG","MENA Golf Tour",0,0,0,NA,0,NA
1506,"Mathias Eggenberger",2.81000409611376,"14810",123,0.768004404298135,30.2312664164662,0.0254043080338779,0,"SUI","ProGolf Tour",44,0.710017349080869,23.5987969910849,0.0300870145774421,0,1
1507,"Austin Bautista",2.81047314790123,"21152",47,0,3.0463589403624,0,0,"AUS","PGA Tour Australasia",0,0,0,NA,0,NA
1508,"James Sharp",2.811273448294,"20303",107,0,21.6629135282547,0,0,"ENG","Alps Golf Tour",47,0,19.1427709064888,0,0,1
1509,"Martin Wiegele",2.8128367981422,"7869",130,3.16999988965902,15.7994833285261,0.200639465465023,0,"AUT","European Challenge Tour",19,2.67092671484015,7.67702400904815,0.347911731380831,0,1
1510,"Oliver Clarke",2.81388557339625,"23279",63,0,12.9971773721957,0,0,"ENG","EuroPro Tour",40,0,11.593848198593,0,0,1
1511,"Danny Masrin",2.81466261827904,"15307",172,3.42993442780962,40.9685665341149,0.0837211237291762,0,"INA","Asian Development Tour",60,3.331888019716,33.9826626352245,0.0980467026813359,0,1
1512,"Wallie Coetsee",2.8157507210685,"5936",173,2.04215732255926,35.0511893891277,0.058262140547867,0,"RSA","Sunshine Tour",52,1.05496102527789,26.8139293871186,0.0393437683096417,0,1
1513,"Frederick Wedel",2.81835786756783,"22987",56,0,15.2777042628161,0,0,"USA","PGA Tour Latinoamerica",23,0,12.9869316955915,0,0,1
1514,"Andreas Gronkvist",2.81956228818061,"20054",91,2,21.7794877361186,0.0918295243778048,0,"SWE","Nordic Golf League",22,0,16.5604906546151,0,0,1
1515,"Liam Murray",2.82095006176883,"20012",88,0,10.1882226530033,0,0,"ENG","EuroPro Tour",27,0,8.0974862024878,0,0,1
1516,"Brady Watt",2.82248499310068,"16845",72,1.38768472199088,8.76823536998609,0.15826271346923,0,"AUS","PGA Tour Latinoamerica",14,1.38768472199088,7.03361935169942,0.197293122161294,0,1
1517,"Max Albertus",2.82478820197891,"16496",127,2.61671429488836,37.669971385702,0.0694641965106869,0,"NED","ProGolf Tour",62,2.3163437074112,31.2685218665512,0.0740790919793705,0,1
1518,"David Boote",2.82550536419183,"17809",58,4.41007377337456,19.4451720113255,0.226795307894731,0,"WAL","European Challenge Tour",46,4.25524357364407,16.6858643136668,0.255020866384414,0,1
1519,"Kevin Techakanokboon",2.82551155058945,"21192",128,0,25.0716663829005,0,0,"THA","PGA Tour China",47,0,21.3460723739035,0,0,1
1520,"Jarand Ekeland Arnoy",2.83732430950128,"20463",176,2.0267823130496,28.3122483835433,0.0715867664620971,0,"NOR","European Challenge Tour",47,2.0267823130496,17.8932167523619,0.113270986491686,0,1
1521,"Junhyeok Park",2.83918169814483,"19827",111,0,16.5601446226839,0,0,"KOR","Korean Golf Tour",35,0,12.9549920305604,0,0,1
1522,"Michael Choi",2.84018678928988,"12345",77,0.209960854389772,10.1964284828747,0.0205916076146083,0,"AUS","PGA Tour Australasia",20,0,5.85086903146372,0,0,1
1523,"Colin Nel",2.84087283624282,"9882",181,3.08288224521955,30.2791442782118,0.101815368918399,0,"RSA","Sunshine Tour",47,2.14254971113138,21.2791753770129,0.100687628781231,0,1
1524,"Chargng-Tai  Sudsom",2.84300117135298,"21721",61,0,22.1878623818343,0,0,"THA","Asian Development Tour",36,0,21.0927624517628,0,0,1
1525,"Paul Imondi",2.84343415434227,"15956",126,0,29.6251674826498,0,0,"USA","China Tour - PGA Tour China Series",47,0,24.4374970822705,0,0,1
1526,"Daihan Lee",2.84527300145665,"17493",116,0,22.289417861277,0,0,"KOR","Korean Golf Tour",46,0,18.2706862424379,0,0,1
1527,"Leigh McKechnie",2.84833879327186,"7061",50,0,5.77451540090899,0,0,"AUS","PGA Tour Australasia",10,0,4.04845164988681,0,0,1
1528,"Daniel Mazziotta",2.85260341340886,"18195",115,0,11.6941326158177,0,0,"USA","Web.com Tour",31,0,7.95425503735049,0,0,1
1529,"Yunseok Gang",2.85427043085426,"16272",98,0,26.0260875007172,0,0,"KOR","Korean Golf Tour",44,0,19.6885567570802,0,0,1
1530,"Niclas Fasth",2.8562030739817,"3832",107,4.99477943008038,4.99477943008038,1,1,"SWE","European Tour",2,0.648013664037684,0.648013664037684,1,0,1
1531,"Marcus Both",2.85868293180418,"7087",144,0.259533776704411,19.6394380700406,0.0132149288477008,0,"AUS","Asian Tour",42,0,13.2354192292782,0,0,1
1532,"Marcos Montenegro",2.86058803653462,"18122",46,0,16.6464639267563,0,0,"ARG","PGA Tour Latinoamerica",22,0,14.4617936634994,0,0,1
1533,"Lauri Ruuska",2.86142137497682,"16409",124,0,28.5129533406332,0,0,"FIN","Nordic Golf League",59,0,24.005754580535,0,0,1
1534,"Jiung Jeong",2.86149630996381,"18311",91,0,20.2310883983383,0,0,"KOR","Korean Golf Tour",60,0,19.03572537427,0,0,1
1535,"Joseph Gunerman",2.86535993621037,"19485",102,0,22.1752057495963,0,0,"USA","PGA Tour China",47,0,19.1157869178921,0,0,1
1536,"Rahil Gangjee",2.86756583018337,"7038",177,7.83751662038124,44.9078812754926,0.174524301698873,0,"IND","Asian Tour",72,6.75451750871226,34.6514014135452,0.194927686418822,0,1
1537,"Benjamin Follett-Smith",2.87131215029994,"15211",62,0.216454489061621,25.7698920279528,0.00839951090314353,0,"ZIM","Sunshine Tour",44,0,23.07045009838,0,0,1
1538,"Andre Nel",2.87228975302742,"21200",119,2.79489334667693,35.0644558519258,0.0797073069800236,0,"RSA","Sunshine Tour",55,2.10992205055578,28.686114346603,0.0735520337492358,0,1
1539,"Wu Hongfu",2.87691077476993,"13459",156,5.11786897897355,38.3488163807911,0.13345572202685,0,"CHN","PGA Tour China",61,0,28.1078495777576,0,0,1
1540,"Santiago Gavino",2.87890399259034,"13201",82,0,14.5899919278966,0,0,"MEX","PGA Tour Latinoamerica",30,0,10.2588480289147,0,0,1
1541,"Sungbin Park",2.88149782696923,"18835",131,0,24.1802320807626,0,0,"KOR","Korean Golf Tour",46,0,18.2938286268656,0,0,1
1542,"Robbie Van West",2.88444723833593,"16498",181,0.91205217692363,43.7242644977388,0.0208591771045296,0,"NED","ProGolf Tour",80,0.731976648536978,38.2739547459919,0.0191246672415954,0,1
1543,"Andres Echavarria",2.88561631674979,"15238",84,0,21.0404460450752,0,0,"COL","PGA Tour Latinoamerica",32,0,18.8588337320308,0,0,1
1544,"Zhang Jin",2.88877183908914,"14505",141,2.55893448948677,41.365946541976,0.0618608953354929,0,"CHN","PGA Tour China",74,0,35.3407837298023,0,0,1
1545,"Luca Cianchetti",2.89140792564716,"20843",101,4.24537782541467,26.1201152749482,0.162532890101232,0,"ITA","European Challenge Tour",46,2.50568542201475,22.2824855615428,0.112450894003463,0,1
1546,"Josh Loughrey",2.89656128651764,"19812",116,0.0272800101269629,12.9174124292141,0.00211187885162405,0,"ENG","EuroPro Tour",35,0,9.91610388201582,0,0,1
1547,"Darryn Lloyd",2.90125317135311,"13728",77,0.136764962419362,2.67632838966954,0.051101711937618,0,"RSA","EuroPro Tour",0,0,0,NA,0,NA
1548,"Stanislas Gautier",2.90636199881029,"21212",147,0,31.0858139747309,0,0,"FRA","ProGolf Tour",39,0,24.1432315364555,0,0,1
1549,"Tobias Eden",2.91070538524836,"17472",44,0,21.6105362490632,0,0,"SWE","Nordic Golf League",42,0,19.6105362490632,0,0,1
1550,"Max Smith",2.91793307816672,"18916",85,0,22.7446489090932,0,0,"ENG","EuroPro Tour",47,0,20.661339359194,0,0,1
1551,"Nobuhiro Masuda",2.91927370336957,"7476",126,0,14.8588151571956,0,0,"JPN","Japan Golf Tour",24,0,10.3598889525019,0,0,1
1552,"Woojin Jung",2.92126037897341,"22648",92,0,34.7955323362089,0,0,"KOR","PGA Tour China",72,0,31.8872109600928,0,0,1
1553,"Finn Fleer",2.92129925972818,"21833",116,0.507876406014425,31.2123921554116,0.0162716270988018,0,"GER","ProGolf Tour",41,0.507876406014425,27.2727921759349,0.0186220905706372,0,1
1554,"Anton Haig",2.93384322063292,"8429",86,2.10992205055578,25.6972675129313,0.0821068640661513,0,"RSA","Sunshine Tour",53,2.10992205055578,22.306814031188,0.0945864365752016,0,1
1555,"Otto Black",2.93578670854302,"22353",70,0,25.2470590744139,0,0,"USA","PGA Tour Latinoamerica",39,0,19.463921430269,0,0,1
1556,"Louis Albertse",2.94165323986826,"24341",80,1.3070233432758,34.4020404039553,0.0379926111337725,0,"RSA","Sunshine Tour",68,1.05496102527789,32.2187445163381,0.0327437037387636,0,1
1557,"Marco Penge",2.94344954431089,"22465",44,0,11.5068726583506,0,0,"ENG","EuroPro Tour",38,0,11.2012132427527,0,0,1
1558,"Gary King",2.94410901458446,"17835",141,1.40782743499891,9.45785175676645,0.148852770291278,0,"ENG","European Challenge Tour",24,0,5.81637966007754,0,0,1
1559,"Jared Harvey",2.94717739972121,"15865",171,4.26147179716077,29.5743515808533,0.144093498905981,0,"RSA","Sunshine Tour",42,3.16586190565094,20.2824189552956,0.156088971075334,0,1
1560,"Jake Johnson",2.94824364667273,"18712",80,0,10.5506862990575,0,0,"USA","PGA Tour Canada",30,0,8.53950613164328,0,0,1
1561,"Shankar Das",2.95086276398681,"10774",55,1.78345594014044,22.0882367295172,0.0807423409111305,0,"IND","Asian Tour",30,1.7174680514,20.3823401980642,0.0842625544815073,0,1
1562,"Matthew Negri",2.95110529074812,"21935",88,0,29.18047306146,0,0,"USA","PGA Tour China",53,0,26.1935556011886,0,0,1
1563,"Kapil Kumar",2.95284859727875,"14472",47,1.78345594014044,23.9465296883719,0.0744765927818952,0,"IND","Asian Tour",34,1.7174680514,23.26240300804,0.0738302079456883,0,1
1564,"Cory Renfrew",2.95326804757329,"11443",43,0,0.783982037735559,0,0,"CAN","PGA Tour Canada",0,0,0,NA,0,NA
1565,"Daejin Jeong",2.95340271098155,"21686",71,0,21.1399779830043,0,0,"KOR","PGA Tour China",49,0,19.120000429963,0,0,1
1566,"Michio Matsumura",2.95470821801887,"12419",210,0.0440835603760831,34.4529185950831,0.00127953050637557,0,"JPN","Japan Golf Tour",56,0,24.1976431428836,0,0,1
1567,"Greg Eason",2.95581183110175,"17719",141,0,20.7236160812827,0,0,"ENG","Web.com Tour",32,0,15.5494577502511,0,0,1
1568,"Satoshi Tomiyama",2.95746902569128,"8610",59,0,1.04792935333393,0,0,"JPN","Japan Golf Tour",0,0,0,NA,0,NA
1569,"Simon Dyson",2.96109346147219,"6436",131,5.98267856854937,10.8648376361591,0.550645924853815,1,"ENG","European Tour",21,1.93499785416645,6.41911216114729,0.301443222300794,0,1
1570,"Seungjae Maeng",2.96144181227378,"22925",91,0,24.1701145822827,0,0,"KOR","Asian Development Tour",38,0,17.4241397179217,0,0,1
1571,"Chris Halley",2.96392740629559,"19993",47,0,1.59545985804003,0,0,"ENG","EuroPro Tour",0,0,0,NA,0,NA
1572,"Charles Wang",2.96547855154846,"21376",45,0,8.69660600768517,0,0,"CHN","PGA Tour Canada",30,0,8.38180987883051,0,0,1
1573,"Chiragh Kumar",2.9656559570155,"10764",183,3.827845098929,38.0137533143736,0.100696320809806,0,"IND","Asian Tour",64,2.71008088008397,32.3940119976726,0.0836599332086028,0,1
1574,"Chen Zihao(Sept1996)",2.96777852403198,"15405",171,3.66146649973838,44.8767202932655,0.0815894404896572,0,"CHN","PGA Tour China",77,1.02331219451955,37.6202949155247,0.0272010678496107,0,1
1575,"Jongyul Suk",2.968650847266,"9060",83,0,11.4224360574402,0,0,"KOR","Korean Golf Tour",29,0,8.87949287605912,0,0,1
1576,"Mark Hensby",2.96968402941181,"5859",57,0.201278924227305,9.47707146319924,0.0212385149789045,0,"AUS","Web.com Tour",12,0,7.44055495638157,0,0,1
1577,"Chris Gaunt",2.9706982120943,"6251",43,0.253040142032563,2.08147495050994,0.121567709460337,0,"AUS","PGA Tour Australasia",0,0,0,NA,0,NA
1578,"Harry Ellis",2.97437593521407,"23726",46,6.00214253462642,21.1665762892322,0.28356699981186,0,"ENG","European Challenge Tour",42,5.52115110215616,20.6855848567619,0.266908145957079,0,1
1579,"Franck Daux",2.97469136836261,"20670",141,0.0220417801880415,35.7335669556164,0.000616836830630958,0,"FRA","ProGolf Tour",54,0,29.9689875125781,0,0,1
1580,"CJ du Plessis",2.97741792244699,"17197",136,2.53761281013949,30.7802039292487,0.0824430148667124,0,"RSA","Sunshine Tour",57,2.10992205055578,26.8613853765431,0.0785485194072783,0,1
1581,"Xavier Poncelet",2.97789192646165,"13912",147,0,29.2570331676622,0,0,"FRA","Alps Golf Tour",54,0,24.7798447314695,0,0,1
1582,"Rick Cochran III",2.98090298186124,"16305",50,0,2.24954410227679,0,0,"USA","Web.com Tour",2,0,0.573681837554317,0,0,1
1583,"Ruan de Smidt",2.9864452831248,"15864",186,4.7288869494395,37.7725617963366,0.125193704756825,0,"RSA","Sunshine Tour",57,3.16586190565094,30.3251010900587,0.10439740649995,0,1
1584,"C. Muniyappa",2.98702667072944,"8777",43,0.0659878887404354,22.0566935335473,0.00299173983807095,0,"IND","Asian Tour",32,0,21.346275762132,0,0,1
1585,"Oscar Bergqvist",2.98782551801458,"19805",55,0.049403664168149,2.78616185081413,0.0177317998068609,0,"SWE","Nordic Golf League",0,0,0,NA,0,NA
1586,"Jack South",2.9884160945333,"22145",76,0,11.6771704406472,0,0,"ENG","EuroPro Tour",34,0,10.4302567364609,0,0,1
1587,"Ugo Coussaud",2.98852427470873,"20727",114,1.61596568956226,25.3516461298141,0.0637420418890216,0,"FRA","European Challenge Tour",55,1.61596568956226,19.4197189198758,0.0832126199266635,0,1
1588,"Jungho Park",2.98907848819601,"15383",61,0,14.414921024708,0,0,"KOR","Korean Golf Tour",35,0,12.4925994423232,0,0,1
1589,"Robert S Karlsson",2.99010240076637,"14059",52,0,18.094013762169,0,0,"SWE","Nordic Golf League",38,0,15.813615012801,0,0,1
1590,"Troy Matteson",2.99349713102071,"7954",46,5.19148722735215,5.32866948203504,0.974255814674679,1,"USA","PGA Tour",10,3.48508853828619,3.48508853828619,1,0,1
1591,"Keunho Lee",2.99440140196939,"12274",135,0,27.6112278478955,0,0,"KOR","Korean Golf Tour",49,0,19.6738460471399,0,0,1
1592,"Julio Zapata",2.99694430602025,"7219",53,0,9.57647310366913,0,0,"ARG","PGA Tour Latinoamerica",10,0,7.57281488764689,0,0,1
1593,"Kyungnam Jaekyung  Park",2.99760547277765,"9068",76,0,19.4989127836221,0,0,"KOR","Korean Golf Tour",40,0,15.1444395224918,0,0,1
1594,"Jack Doherty",3.00134880834398,"8161",173,0.159622494313104,26.9951327330768,0.00591301016710767,0,"SCO","European Challenge Tour",56,0,20.8129867080796,0,0,1
1595,"Cory Crawford",3.00190249444022,"17785",126,2.66403705854299,29.846505838331,0.0892579209430151,0,"AUS","PGA Tour Australasia",42,2.41099691651043,23.0830966504879,0.104448590802892,0,1
1596,"Emilio/Puma Dominguez",3.00212707190759,"11900",132,0,13.3364235621927,0,0,"ARG","PGA Tour Latinoamerica",14,0,7.43840408530394,0,0,1
1597,"Tim Stewart",3.00310496414685,"11845",47,3.43430911102998,17.9829657908312,0.190975679483359,0,"AUS","PGA Tour Australasia",32,3.43430911102998,15.831911330968,0.216923215348756,0,1
1598,"Niccolo Ravano",3.00332488095965,"10071",99,0.538423710854643,3.42185288652391,0.157348585316185,0,"ITA","European Challenge Tour",0,0,0,NA,0,NA
1599,"Thomas Petersson",3.00489215611192,"12384",44,0,2.41084510940649,0,0,"SWE","China Tour - PGA Tour China Series",8,0,1.92666622119336,0,0,1
1600,"Brian Dwyer",3.00807807845868,"14262",102,0,10.075687417091,0,0,"USA","PGA Tour Canada",24,0,6.88626981217925,0,0,1
1601,"Benjamin David",3.00834601397073,"21618",78,0,13.8941497477842,0,0,"ENG","MENA Golf Tour",15,0,11.4140483785692,0,0,1
1602,"Gibby Martens",3.0104322000567,"8198",68,0,14.8458443651724,0,0,"USA","PGA Tour Latinoamerica",33,0,11.0414726411326,0,0,1
1603,"Tim Hart",3.01340420140633,"15920",109,1.23327304890932,17.2704950837026,0.0714092469805983,0,"AUS","PGA Tour Australasia",25,1.02331219451955,12.4242437134088,0.082364143695535,0,1
1604,"Himmat Rai",3.01812445760998,"11782",138,0.339101716913859,33.2578472275608,0.0101961415179286,0,"IND","Asian Tour",62,0,29.9678513510207,0,0,1
1605,"Sukwoan Ko",3.02019253972583,"23560",56,0,23.4944071629069,0,0,"CAN","Korean Golf Tour",46,0,18.8930494490131,0,0,1
1606,"Neil Raymond",3.02514141331888,"15620",102,0,14.1291132327405,0,0,"ENG","EuroPro Tour",39,0,11.3719064392487,0,0,1
1607,"Juan Alvarez",3.02727457174504,"16775",95,0,23.8901538875877,0,0,"URU","PGA Tour Latinoamerica",33,0,16.8142038541332,0,0,1
1608,"Adam Stephens",3.02838297904084,"11814",60,1.10947076980513,8.89805009943588,0.124686954715559,0,"AUS","PGA Tour Australasia",16,1.02331219451955,6.72755523372918,0.152107587224121,0,1
1609,"Suteepat Prateeptienchai",3.03009524123178,"21231",67,0,23.7229929257229,0,0,"THA","China Tour",42,0,20.436261265792,0,0,1
1610,"James Vargas",3.0337871204377,"11798",83,0,3.22725805811176,0,0,"USA","PGA Tour Latinoamerica",0,0,0,NA,0,NA
1611,"Troy Moses",3.03840069908152,"18094",90,0.721616951649548,19.540974439611,0.0369284015942817,0,"AUS","PGA Tour Australasia",35,0.511656097259776,15.2669081668785,0.0335140613716282,0,1
1612,"Felix Schulz",3.04027610440811,"20590",88,0.0980464080936199,25.7476396748435,0.00380797654976566,0,"AUT","Alps Golf Tour",45,0,22.6082149965191,0,0,1
1613,"Nick Sherwood",3.04205965169327,"16247",81,0,6.54336740044569,0,0,"USA","Asian Development Tour",12,0,3.179171580493,0,0,1
1614,"Timon Baltl",3.04612915488529,"17586",83,0.11816334574318,25.9495600605419,0.00455357799775788,0,"AUT","Alps Golf Tour",47,0,23.1483781856319,0,0,1
1615,"Byungmin Cho",3.04615637767827,"11696",221,0,32.3414916995642,0,0,"KOR","Japan Golf Tour",54,0,23.8015428967012,0,0,1
1616,"Miguel Gaspar",3.04688750662253,"14683",49,0.909445301315005,25.0347650855361,0.036327295191615,0,"POR","European Challenge Tour",45,0.754615101584514,24.5054145705298,0.030793810870354,0,1
1617,"Steven Uzzell",3.04850409464387,"13311",62,0,3.58255786858188,0,0,"ENG","EuroPro Tour",5,0,1.41699413875916,0,0,1
1618,"Shohei Karimata",3.04875511484728,"16451",51,0,14.1668508132825,0,0,"JPN","Japan Golf Tour",33,0,11.3651667621215,0,0,1
1619,"Dohoon Kim(Mar1989)",3.04937506884695,"11701",70,0,2.98258909812655,0,0,"KOR","Korean Golf Tour",0,0,0,NA,0,NA
1620,"Alberto Sanchez",3.05380745162024,"16246",91,0,14.1104331302435,0,0,"USA","PGA Tour Latinoamerica",27,0,8.82816066805005,0,0,1
1621,"Jack Colegate",3.0548719592025,"19860",106,0,12.0455775508841,0,0,"ENG","EuroPro Tour",33,0,9.30632594745061,0,0,1
1622,"Rasmus Holmberg",3.05490353883046,"23027",75,0,17.5182846002932,0,0,"SWE","Nordic Golf League",38,0,13.0411139993223,0,0,1
1623,"Ben Hall",3.0549258090667,"19992",76,0,9.38108899175007,0,0,"ENG","EuroPro Tour",28,0,7.51678496806347,0,0,1
1624,"Kazuo Hoffman",3.05572197173934,"18533",63,0,2.21758107819317,0,0,"USA","PGA Tour Canada",0,0,0,NA,0,NA
1625,"Jhared Hack",3.05927878251523,"14457",135,0.423953130643987,14.771744687761,0.0287002747207816,0,"USA","Web.com Tour",31,0,8.51896144183726,0,0,1
1626,"Gary Stal",3.0596835172636,"13262",176,9.83538809110477,27.93669393549,0.35205984336644,0,"FRA","European Tour",56,5.09796283496728,21.3450296834117,0.238836062098764,0,1
1627,"Baejong Park",3.06089039363238,"17938",119,2.07827321979744,23.4081681278308,0.0887841034141627,0,"KOR","Korean Golf Tour",38,2.07827321979744,16.9123537015008,0.122884919300914,0,1
1628,"Jordan Mullaney",3.06699864756745,"16967",134,3.10483927750587,25.6845081139734,0.120883735196654,0,"AUS","PGA Tour Australasia",45,3.10483927750587,19.9361005484322,0.155739547458795,0,1
1629,"Alex Belt",3.07317322965447,"14062",77,0,21.0253740528789,0,0,"ENG","PGA Tour China",41,0,17.127322561491,0,0,1
1630,"Piya Swangarunporn",3.07377856651178,"8443",144,1.01394145491305,25.3461316699973,0.0400037949819882,0,"THA","Asian Tour",52,0,21.5676366680757,0,0,1
1631,"Hannes Ronneblad",3.07500568893314,"21939",79,0.762632109408569,23.8037493456682,0.0320383187679361,0,"SWE","Nordic Golf League",46,0.648013664037684,18.3223213622061,0.0353674434165508,0,1
1632,"Joe Brooks",3.07637525946272,"23160",66,0,11.5693513488901,0,0,"ENG","EuroPro Tour",33,0,9.60212467895201,0,0,1
1633,"Cody Martin",3.07683354457428,"19752",52,0.432908978123241,5.22619448073333,0.0828344562605133,0,"USA","Sunshine Tour",0,0,0,NA,0,NA
1634,"Sangpil Yoon",3.07947299862406,"22950",71,0,14.3076111750635,0,0,"KOR","Asian Tour",22,0,10.458652464902,0,0,1
1635,"Kyle Pilgrim",3.08050490705041,"21898",61,1.05496102527789,17.2284527606319,0.0612336487748071,0,"USA","Sunshine Tour",21,1.05496102527789,14.627348596425,0.0721225052047865,0,1
1636,"Sean Einhaus",3.08159186520704,"10223",140,0.507876406014425,34.8134284339876,0.0145885202595731,0,"GER","European Challenge Tour",60,0.507876406014425,28.6231105016014,0.0177435784271598,0,1
1637,"Greg Payne",3.08213635906309,"20020",89,0,5.35423474920164,0,0,"ENG","EuroPro Tour",9,0,2.29799611438183,0,0,1
1638,"Hong Chang-kyu",3.08331648465379,"11423",95,0,8.11014593090165,0,0,"USA","Korean Golf Tour",15,0,4.62679723758866,0,0,1
1639,"Koki Shiomi",3.08461647602062,"17337",101,0,11.2402316579519,0,0,"JPN","Japan Golf Tour",9,0,7.38920431802713,0,0,1
1640,"Taekgi Lee",3.08720246872701,"20758",60,0,2.9104317860165,0,0,"KOR","Korean Golf Tour",0,0,0,NA,0,NA
1641,"Gowoong Choi",3.08915599189378,"16140",150,0.209960854389772,30.1960537946521,0.0069532547470477,0,"KOR","Korean Golf Tour",57,0,21.2929704030015,0,0,1
1642,"Steven Lecuyer",3.08949839389173,"16336",42,2.07827321979744,12.7581709107012,0.16289742740899,0,"CAN","Sunshine Tour",26,2.07827321979744,10.8304138545003,0.191892318033061,0,1
1643,"Anton Wejshag",3.08977972918561,"20149",73,0,11.1726729508667,0,0,"SWE","Nordic Golf League",10,0,6.74323827889811,0,0,1
1644,"Kenta Konishi",3.09022168191377,"15039",86,0,23.366793265413,0,0,"JPN","PGA Tour China",44,0,19.617163322639,0,0,1
1645,"Tim Rice",3.09078384080933,"7662",85,0,8.91946407747013,0,0,"IRL","EuroPro Tour",19,0,6.31566294954256,0,0,1
1646,"Craig Lawrie",3.09087465161772,"18680",96,0,12.8228172318107,0,0,"SCO","EuroPro Tour",35,0,10.3144574716314,0,0,1
1647,"Timothy Kelly",3.09364446829298,"22979",101,0,26.6363674628527,0,0,"USA","PGA Tour Latinoamerica",40,0,20.2663167487478,0,0,1
1648,"Sam Chien",3.09808648483052,"18339",208,1.17460038221859,42.1334604426014,0.0278780895250405,0,"USA","Asian Tour",78,0,34.4016764590364,0,0,1
1649,"Russell Surber",3.09942483812495,"9200",101,0,7.65583128111316,0,0,"USA","PGA Tour Canada",18,0,4.7330463422612,0,0,1
1650,"Khattawan Pookawanuch",3.10061191222256,"22890",52,0,17.6556650772264,0,0,"THA","Asian Development Tour",28,0,16.4016822107306,0,0,1
1651,"Donlaphatchai Niyomchon",3.10303552706339,"16263",179,0,35.7378946404418,0,0,"THA","Asian Development Tour",66,0,29.0303050112486,0,0,1
1652,"Ally Tidcombe",3.1045659226295,"20774",76,0,12.6517078214137,0,0,"CAN","PGA Tour Latinoamerica",27,0,8.78076163254825,0,0,1
1653,"Andreas Andersson",3.1051015094603,"11653",88,0,2.96388079293725,0,0,"SWE","Nordic Golf League",0,0,0,NA,0,NA
1654,"Changwoo Lee",3.10911497598882,"15061",145,0,14.5514107644902,0,0,"KOR","Korean Golf Tour",28,0,8.79995569555552,0,0,1
1655,"Tawit Polthai",3.11109438444115,"20793",94,0,21.8535030352983,0,0,"THA","Asian Development Tour",38,0,18.4094232549471,0,0,1
1656,"Anthony Snobeck",3.11180939765682,"10655",47,0,4.49921066564196,0,0,"FRA","European Challenge Tour",12,0,3.32932997883566,0,0,1
1657,"Ryan Siegler",3.11206799531487,"24462",62,0,22.2935739614935,0,0,"USA","PGA Tour China",50,0,20.2182817392776,0,0,1
1658,"Xu Guozhen",3.11228843310806,"21019",66,0,23.6713545937624,0,0,"CHN","PGA Tour China",36,0,21.996913068108,0,0,1
1659,"Anura Rohana",3.12096186829219,"7817",63,2.10506927818359,22.6677960347804,0.0928660763910912,0,"SRI","Asian Tour",44,1.7174680514,20.9496461244102,0.0819807667012968,0,1
1660,"Jan  Cafourek",3.12101644575529,"19851",125,0.836644676755779,32.2593272206172,0.0259349697851439,0,"CZE","European Challenge Tour",46,0.66805532375019,25.2692041238216,0.0264375292738407,0,1
1661,"Aaron Wilkin",3.12173635443736,"17790",122,2.0466243890391,24.0679524651292,0.0850352514200927,0,"AUS","PGA Tour Australasia",43,2.0466243890391,18.4981871967845,0.110639186816904,0,1
1662,"Kasper K Estrup",3.12204693877313,"15673",41,0,0.530078523278108,0,0,"DEN","Nordic Golf League",0,0,0,NA,0,NA
1663,"Christian Gloet",3.1224141025614,"16444",143,0,23.7316520089765,0,0,"DEN","Nordic Golf League",48,0,16.4245127181202,0,0,1
1664,"Brad Shilton",3.12403395210656,"8412",56,0.209960854389772,3.44506078033037,0.0609454717282629,0,"NZL","PGA Tour Australasia",0,0,0,NA,0,NA
1665,"David Booth",3.12527175298041,"18739",79,0,3.39636698586165,0,0,"ENG","EuroPro Tour",2,0,0.492640113833992,0,0,1
1666,"Corey Hale",3.12661895312985,"15174",72,0,20.1913360059396,0,0,"AUS","PGA Tour China",46,0,17.7175692593498,0,0,1
1667,"Masanori Kobayashi",3.12768643112171,"1599",178,0.573681837554317,26.309693963181,0.0218049604969618,0,"JPN","Japan Golf Tour",52,0.573681837554317,19.7585716645724,0.0290345803984882,0,1
1668,"Alvaro Jose Arizabaleta",3.13361054236733,"15246",63,0,23.3425436746862,0,0,"COL","Alps Golf Tour",35,0,21.8237012888692,0,0,1
1669,"Jordan Godwin",3.13452887763341,"21772",58,0,11.3497494821615,0,0,"ENG","EuroPro Tour",19,0,10.3169955377221,0,0,1
1670,"Joshua Salah",3.13792641286959,"19382",178,0,38.8465339179548,0,0,"USA","Asian Development Tour",64,0,31.4282348568276,0,0,1
1671,"Erick Justesen",3.13861938207687,"13174",53,0,1.44640908719624,0,0,"USA","PGA Tour Canada",0,0,0,NA,0,NA
1672,"Kitaek Kwon",3.13869962689814,"7247",66,0,12.8741418366296,0,0,"KOR","Japan Golf Tour",23,0,11.4421680142198,0,0,1
1673,"Sanjeev Kumar",3.14184977433782,"19185",48,0.160806669021577,23.1993977608444,0.00693150187256083,0,"IND","Asian Tour",36,0,22.0790735849481,0,0,1
1674,"Sangyeop Lee",3.14406769419318,"15062",125,0.0430792876427906,20.995288708189,0.00205185497763543,0,"KOR","Korean Golf Tour",43,0,17.2958518823146,0,0,1
1675,"Bobby Wyatt",3.14542206260993,"18660",95,2.04408603944852,5.89061887032186,0.347007009695882,0,"USA","PGA Tour",10,0,2.57047576749035,0,0,1
1676,"Chris Swanepoel",3.14633173787146,"9810",172,3.61963724941087,31.7768167345556,0.113908113567421,0,"RSA","Sunshine Tour",49,2.17517737170699,24.6374805685144,0.0882873297721346,0,1
1677,"Scott Campbell",3.14848272596973,"17814",142,1.30404317491511,31.7413968512362,0.0410833581466762,0,"ENG","Sunshine Tour",46,1.08758868585349,25.611352291512,0.0424651019389529,0,1
1678,"Daniel Barbetti",3.14885987167032,"8572",53,0,10.0051816702693,0,0,"ARG","PGA Tour Latinoamerica",20,0,7.17593767848067,0,0,1
1679,"Adam Blyth",3.14999678624167,"7704",148,1.27635233655212,28.0960457829473,0.0454281839662572,0,"AUS","PGA Tour Australasia",56,1.02331219451955,23.2473463582561,0.0440184517729325,0,1
1680,"Andrew Buchanan",3.15057561838199,"23456",58,0,10.4141258761654,0,0,"USA","PGA Tour Canada",32,0,8.88749362998144,0,0,1
1681,"Sam Gillis",3.15401566171289,"24472",79,0,33.3598877081744,0,0,"USA","Asian Development Tour",66,0,31.0028935676831,0,0,1
1682,"Jim Renner",3.15417375753423,"12475",60,0,3.76380247619867,0,0,"USA","Web.com Tour",4,0,2.65172673525236,0,0,1
1683,"Seunghwan Jung",3.15633769972705,"17460",66,0,3.15460493408397,0,0,"KOR","Korean Golf Tour",2,0,0.539777240954857,0,0,1
1684,"Hinrich Arkenau",3.16129811297973,"20356",155,1.44620018136543,36.6487398660297,0.0394611161707618,0,"GER","ProGolf Tour",59,1.09930098081269,30.0021971604608,0.0366406825117939,0,1
1685,"Arthur Ameil Planchin",3.1624056477058,"24013",43,0.145679734926419,20.9027092626146,0.00696941880098638,0,"SUI","Alps Golf Tour",34,0,19.6350724176934,0,0,1
1686,"Dongmin Kim(Am)",3.16506201603921,"20927",42,0,13.9484415869579,0,0,"KOR","Korean Golf Tour",26,0,11.2560411632424,0,0,1
1687,"Nicholas Delio",3.16704076900549,"17544",51,0,1.59139326138128,0,0,"USA","PGA Tour Canada",0,0,0,NA,0,NA
1688,"Hsu Hao-sheng",3.16736662392179,"13475",94,0,10.0316952148814,0,0,"TPE","Asian Tour",13,0,4.10069664413981,0,0,1
1689,"Thitiphun Chuayprakong",3.16828312220314,"14129",134,0.771237266290012,27.5652357118632,0.0279786204025855,0,"THA","Asian Tour",54,0,24.8063289311047,0,0,1
1690,"Soonsang Hong",3.1696609661029,"7020",185,0,28.1489650019339,0,0,"KOR","Korean Golf Tour",51,0,19.9713317028689,0,0,1
1691,"Jooneob Son",3.17172743908276,"10732",135,0,24.7308837767076,0,0,"KOR","Korean Golf Tour",48,0,18.7796234316627,0,0,1
1692,"Michael Davan",3.17205606401234,"17378",114,0,28.0818448332589,0,0,"USA","PGA Tour Latinoamerica",42,0,20.8216985830164,0,0,1
1693,"Woohyun Kim",3.17634956788134,"12190",129,0,27.8058117832677,0,0,"KOR","Korean Golf Tour",51,0,19.4370819786917,0,0,1
1694,"Tawan Phongphun",3.17861757324055,"16429",82,0,22.3101648020581,0,0,"THA","Asian Development Tour",46,0,20.3573967819945,0,0,1
1695,"Teng Kao",3.17978667684823,"17922",44,0,11.8542204508954,0,0,"TPE","China Tour",12,0,9.22356785006004,0,0,1
1696,"Youngjea Byun",3.1840465549605,"21511",125,0,14.7224601434559,0,0,"KOR","Korean Golf Tour",32,0,9.81911602249914,0,0,1
1697,"Rhys Davies",3.18807901050448,"11527",122,1.02687063312011,12.8243236888829,0.0800721081307614,0,"WAL","European Challenge Tour",30,0,8.65404146996348,0,0,1
1698,"Steven Jeppesen",3.1883683768143,"8125",93,0.106684867504651,2.86500731818101,0.0372372059322994,0,"SWE","European Challenge Tour",0,0,0,NA,0,NA
1699,"Jakraphan Premsirigorn",3.19224417743114,"16266",147,0,35.751977190547,0,0,"THA","Asian Development Tour",56,0,30.4680147710381,0,0,1
1700,"Benjamin Wheeler",3.19248064462136,"21286",132,0,25.0375528068465,0,0,"ENG","Alps Golf Tour",48,0,20.8067215858147,0,0,1
1701,"Pasavee Lertvilai",3.19523109452681,"17736",90,0,31.0423970280027,0,0,"THA","Asian Tour",70,0,29.8594165000252,0,0,1
1702,"Shariffudin Ariffin",3.20032622840042,"18651",131,1.94212432635461,40.3203726172234,0.0481673208923919,0,"MAS","Asian Development Tour",67,1.665944009858,35.4493017141254,0.046995114975542,0,1
1703,"Maxwell Buckley",3.20154797514308,"19734",60,0,9.66274384104685,0,0,"USA","PGA Tour Canada",28,0,7.7193320281145,0,0,1
1704,"James Robinson",3.20183801017415,"12298",79,0.860750772510818,3.27039251916843,0.263194942951277,0,"ENG","EuroPro Tour",2,0.573681837554317,0.573681837554317,1,0,1
1705,"Sean Walsh",3.20449668239332,"23485",78,0,18.0223861956063,0,0,"USA","PGA Tour Latinoamerica",28,0,13.4736154705316,0,0,1
1706,"Estiaan Conradie",3.20571468358032,"23523",73,2.0466243890391,31.0019511855784,0.0660159864386588,0,"RSA","Sunshine Tour",64,2.0466243890391,29.6962130797233,0.0689186996181862,0,1
1707,"Sungyoon Kim",3.20702970283618,"603",114,0,13.176368023563,0,0,"KOR","Korean Golf Tour",32,0,9.21828165277552,0,0,1
1708,"Fumihiro Ebine",3.20931676849464,"9000",49,0,8.80632981613103,0,0,"JPN","Japan Golf Tour",13,0,7.94292818480161,0,0,1
1709,"Steve Robins",3.20998749479341,"23170",72,0,13.3652185407157,0,0,"ENG","EuroPro Tour",38,0,11.2694334771999,0,0,1
1710,"Nicolas Maruri",3.21049363026036,"20975",75,0,16.4697794731782,0,0,"MEX","PGA Tour Latinoamerica",12,0,8.96864232557263,0,0,1
1711,"Eunho Youm",3.21303453136318,"17878",70,0,22.626763046304,0,0,"KOR","Korean Golf Tour",46,0,19.0512391355566,0,0,1
1712,"Supravee Thitipat  Phatam",3.21315761646723,"15484",44,0,19.1105071586168,0,0,"THA","Asian Development Tour",36,0,18.2762246628623,0,0,1
1713,"Victor Theandersson",3.21474433547486,"20423",151,0,25.4055572676415,0,0,"SWE","Nordic Golf League",48,0,20.4619367621395,0,0,1
1714,"Jake Knapp",3.21711402727078,"19396",68,0,9.88880344988796,0,0,"USA","PGA Tour Canada",30,0,8.61585165683739,0,0,1
1715,"Ouyang Zheng",3.22797581274006,"15871",130,2.55893448948677,33.9770217495873,0.0753136784132016,0,"CHN","China Tour - PGA Tour China Series",48,0,28.3139059821793,0,0,1
1716,"Chris Gilman",3.23102956177274,"17260",50,0,13.0766271839819,0,0,"USA","PGA Tour Canada",8,0,6.39165846173725,0,0,1
1717,"Kevin Phelan",3.23207031842213,"14702",122,0.123520151802482,15.0576961325151,0.00820312421737324,0,"IRL","European Challenge Tour",36,0,10.660408512931,0,0,1
1718,"Oliv Rozner",3.23321751991409,"15511",127,0,10.9402728596682,0,0,"FRA","ProGolf Tour",18,0,4.43979325768858,0,0,1
1719,"Fredrik Gustavsson",3.23346748207272,"18513",80,0,9.44381821935952,0,0,"SWE","Nordic Golf League",26,0,7.56654960263168,0,0,1
1720,"Jaemin Hwang(May1979)",3.2358881343931,"11995",85,0,6.77658059231469,0,0,"KOR","Korean Golf Tour",12,0,3.11754647493259,0,0,1
1721,"Arnond Vongvanij",3.23890203982276,"15967",132,1.59040648322373,28.317249440142,0.056163875894288,0,"THA","Asian Tour",58,0.992612828683966,23.5909486191742,0.0420760031615343,0,1
1722,"Kweonil Kang",3.24241736144376,"9057",91,0,13.0553084281186,0,0,"KOR","Korean Golf Tour",30,0,9.86038223678182,0,0,1
1723,"Skyler Finnell",3.24306854032418,"23463",78,0,22.8329973359504,0,0,"USA","PGA Tour Latinoamerica",42,0,19.2560114821725,0,0,1
1724,"Seohyun Yeom",3.24373560851476,"17420",41,0,15.6618413199522,0,0,"KOR","Korean Golf Tour",37,0,15.1834860367669,0,0,1
1725,"Oscar Floren",3.24431193570838,"9397",81,1.44621262181394,19.2207639987633,0.0752422027504731,0,"SWE","Nordic Golf League",44,1.29602732807537,17.2205906059801,0.0752603297836547,0,1
1726,"Ben Lein",3.24448581917624,"18351",100,0,27.2658392607126,0,0,"USA","China Tour - PGA Tour China Series",54,0,25.2443936381045,0,0,1
1727,"Jesper Sandborg",3.24460165827788,"20454",77,0,17.019004790515,0,0,"SWE","Nordic Golf League",37,0,14.8355921350214,0,0,1
1728,"Jose Manuel Lara",3.24531695170634,"5815",42,0.11816334574318,0.719169361809863,0.164305311124225,0,"ESP","European Challenge Tour",0,0,0,NA,0,NA
1729,"Stiggy Hodgson",3.24897159415889,"16398",111,0,10.5216375164854,0,0,"ENG","European Challenge Tour",29,0,7.93069974445662,0,0,1
1730,"James Gibellini",3.25051472500996,"17788",89,0.0861585752855812,9.07892724149945,0.00948995106952211,0,"AUS","China Tour - PGA Tour China Series",24,0,7.06272804458567,0,0,1
1731,"Scott Secord",3.25561142308544,"22309",65,0,5.20000908831789,0,0,"CAN","Asian Development Tour",8,0,2.51487622876385,0,0,1
1732,"Tyrone Ryan",3.25686879525059,"15217",160,5.49807527209536,37.5646748497135,0.146362913936876,0,"RSA","Sunshine Tour",55,4.18917410017049,29.484261463259,0.142081703670642,0,1
1733,"Leonhard Astl",3.25798888488474,"10539",134,0.575907318512592,20.2686673737755,0.0284136745594694,0,"AUT","ProGolf Tour",41,0.477860910418972,14.9067777467836,0.0320566200513776,0,1
1734,"Eugene Wong",3.25868909829912,"14836",77,0,14.9407235586213,0,0,"CAN","China Tour - PGA Tour China Series",36,0,14.3574687290373,0,0,1
1735,"Jesper Kennegard",3.26059420722637,"11531",86,0,15.3174692305423,0,0,"SWE","Nordic Golf League",33,0,12.4703070065785,0,0,1
1736,"Conor O'Neil",3.26097426545763,"20018",116,0.556471382427687,22.3940240087973,0.0248491018054229,0,"SCO","EuroPro Tour",47,0.556471382427687,19.8572352128614,0.0280236083453987,0,1
1737,"Linus Vaisanen",3.26475727899712,"19959",132,0,22.9062133000194,0,0,"FIN","Nordic Golf League",39,0,16.6122991500838,0,0,1
1738,"James Simpson",3.26632771637594,"20443",83,0,9.92095561452255,0,0,"ENG","EuroPro Tour",27,0,7.70607101026419,0,0,1
1739,"Can Tarik",3.26809074511121,"14805",61,0,25.2529905036822,0,0,"USA","Asian Development Tour",52,0,23.6920858844486,0,0,1
1740,"Shigeru Nonaka",3.26895394407699,"6097",63,0,11.1427362818414,0,0,"JPN","Japan Golf Tour",31,0,9.73825464277027,0,0,1
1741,"Fabien Marty",3.27000103665549,"11685",59,0,2.69579407035836,0,0,"FRA","Alps Golf Tour",2,0,0.539777240954857,0,0,1
1742,"Samuel Cyr",3.27433379996384,"15975",46,0.0786980481635389,2.76302680004873,0.0284825497031555,0,"USA","Asian Development Tour",2,0,1.08758868585349,0,0,1
1743,"Jack Munro",3.27502709330054,"17601",172,7.15068448244362,37.6087402493084,0.190133581583475,0,"AUS","PGA Tour Australasia",73,6.12820486679243,30.7392120569386,0.199361156539767,0,1
1744,"Insung Ko",3.27700714465654,"17490",90,0,17.5213973511828,0,0,"KOR","Korean Golf Tour",38,0,14.2609408239314,0,0,1
1745,"Ye Jianfeng",3.27872537587485,"9765",108,4.55893448948677,29.5277758255444,0.154394781253482,0,"CHN","China Tour - PGA Tour China Series",39,0,22.0767871642726,0,0,1
1746,"Mark Williams",3.27958419879878,"4872",183,6.21870567614036,34.3732952944821,0.180916773409811,0,"ZIM","Sunshine Tour",50,4.28509942226277,24.8237325610126,0.172621075888999,0,1
1747,"Heehyun Cha",3.28112372858447,"23246",49,0,13.4409838772607,0,0,"KOR","Korean Golf Tour",33,0,12.2956404687724,0,0,1
1748,"Michael Skelton",3.28145507410466,"20029",93,0,17.7666031440233,0,0,"ENG","China Tour - PGA Tour China Series",39,0,16.3508950340857,0,0,1
1749,"Robbie Busher",3.28325430650662,"17397",121,0,23.5542463436218,0,0,"ENG","EuroPro Tour",48,0,20.6790938688872,0,0,1
1750,"Taylor Cooper",3.28416703752581,"14477",70,0,8.73666314684211,0,0,"AUS","China Tour - PGA Tour China Series",12,0,6.09882246878171,0,0,1
1751,"Juan Carlos Serrano",3.28501263887041,"17245",56,0,18.7264323608633,0,0,"MEX","PGA Tour Canada",20,0,12.8043567702582,0,0,1
1752,"Nick Watson",3.2868306188684,"21790",111,0,14.3149513085361,0,0,"ENG","EuroPro Tour",39,0,11.5245415207014,0,0,1
1753,"Liam Robinson",3.2936208045068,"20026",43,0.809364666628816,10.1816686846952,0.0794923397817324,0,"ENG","European Challenge Tour",18,0.66805532375019,4.90854370451753,0.136100514524369,0,1
1754,"Sebastian Hansson(Nov1991)",3.29438589814258,"20397",115,0,21.0891342231569,0,0,"SWE","Nordic Golf League",43,0,15.8247808335079,0,0,1
1755,"Charles-Edouard Russo",3.29571157251946,"8914",63,0,4.03193260342551,0,0,"FRA","European Challenge Tour",6,0,1.9511154947712,0,0,1
1756,"Luke Cornford",3.29714670569805,"19974",98,0,12.0235268017918,0,0,"ENG","EuroPro Tour",33,0,9.64475774820231,0,0,1
1757,"Julien De Poyen",3.29988816067332,"21970",91,0,32.104628503551,0,0,"FRA","ProGolf Tour",51,0,27.753282200841,0,0,1
1758,"Ryan Haller",3.30108945148768,"7057",49,0.506080284065125,2.71597401586004,0.186334729680715,0,"AUS","PGA Tour Australasia",0,0,0,NA,0,NA
1759,"Jade Buitendag(Am)",3.30124702139387,"21194",52,0,23.9694888235225,0,0,"RSA","Sunshine Tour",48,0,23.1969237476179,0,0,1
1760,"Brad Schneider",3.30395005321713,"3703",44,0,4.36517811519226,0,0,"USA","PGA Tour Canada",12,0,3.24709235216852,0,0,1
1761,"Miles Collins",3.30460761846504,"19973",112,0,12.7608272526276,0,0,"ENG","EuroPro Tour",34,0,9.84639019895215,0,0,1
1762,"Mithun Perera",3.30715129500444,"14261",104,2.13029593405731,27.8353015214715,0.0765321666235247,0,"SRI","Asian Tour",40,1.7174680514,24.6752946366957,0.0696027373406061,0,1
1763,"Matias Simasky",3.30855171586425,"18128",128,0,20.2173596858139,0,0,"ARG","PGA Tour Latinoamerica",34,0,14.4779269742314,0,0,1
1764,"Max Gilbert",3.30939293735858,"17684",95,0,8.82894631502989,0,0,"CAN","PGA Tour Canada",24,0,6.67773209650861,0,0,1
1765,"Kyle McClatchie",3.30971968054071,"22911",92,3.25276035540841,31.8912586802914,0.101995358289781,0,"RSA","Sunshine Tour",58,1.79444578042774,27.1380437451076,0.0661228862803066,0,1
1766,"Zane Scotland",3.31345834748535,"7265",67,0.0566660453455178,9.96851447307796,0.00568450249017105,0,"ENG","MENA Golf Tour",10,0,7.68062967262249,0,0,1
1767,"Taylor MacDonald",3.31434385082092,"17144",120,3.5678402739282,24.6511685192212,0.144733109554066,0,"AUS","PGA Tour Australasia",37,3.10483927750587,18.1342465416759,0.171214131801416,0,1
1768,"Yasunobu Fukunaga",3.31541848518,"9592",57,0,12.5708583960616,0,0,"JPN","Japan Golf Tour",23,0,10.4840198364419,0,0,1
1769,"Stephen Ferreira",3.31825987371787,"17409",164,1.48787000340113,32.051750532956,0.0464208655895809,0,"POR","Sunshine Tour",50,1.05496102527789,24.946830317937,0.042288379398619,0,1
1770,"Azuma Yano",3.31974259365413,"7045",127,0,21.9035369431031,0,0,"JPN","Japan Golf Tour",30,0,17.9673993530901,0,0,1
1771,"Andrew Scrimshaw",3.32045831054027,"20138",87,0,24.5924494943206,0,0,"ENG","Alps Golf Tour",45,0,22.9231899049095,0,0,1
1772,"Shinichi Mizuno",3.3249873643513,"15143",103,1.665944009858,40.3664166597364,0.0412705448665623,0,"JPN","Asian Development Tour",72,1.665944009858,34.6510081361458,0.0480777933880714,0,1
1773,"Felix Mory",3.32501727428559,"25089",43,0,27.5079006759994,0,0,"FRA","ProGolf Tour",43,0,27.5079006759994,0,0,1
1774,"Stephan Gross-Jr",3.32620164481668,"9232",73,0,2.50224340292986,0,0,"GER","ProGolf Tour",0,0,0,NA,0,NA
1775,"Henry Smart",3.32879103701391,"21786",93,0,10.7362991383275,0,0,"ENG","EuroPro Tour",30,0,8.25373871943774,0,0,1
1776,"Louis Cohen-Boyer",3.33727280768432,"21098",103,0,22.6412844635929,0,0,"FRA","Alps Golf Tour",52,0,20.0668827850536,0,0,1
1777,"Sam Robertshawe",3.34184365932422,"20025",113,0,13.1130904053612,0,0,"ENG","EuroPro Tour",38,0,9.97027732805678,0,0,1
1778,"Namhun Kim",3.3435090133927,"17383",64,0,10.5851415889502,0,0,"KOR","Korean Golf Tour",28,0,8.28101428564295,0,0,1
1779,"Sami Valimaki",3.34571729425292,"23816",60,0,23.4795881380961,0,0,"FIN","Nordic Golf League",39,0,20.9581934758478,0,0,1
1780,"Daeng Abd Rahman Abd Aziz",3.34758758729653,"19387",58,0.116837206897975,17.8569795534341,0.00654294342155452,0,"MAS","Asian Development Tour",26,0,16.1317899101794,0,0,1
1781,"Nicolas Paez",3.34928014651474,"18787",87,0,14.4820754884125,0,0,"USA","Asian Tour",12,0,11.294292,0,0,1
1782,"Sorachut Hansapiban",3.35061524433391,"17007",190,0,40.3721966455198,0,0,"THA","Asian Development Tour",72,0,32.7939707202317,0,0,1
1783,"Sam Hutsby",3.35179651467423,"11104",115,0,13.9902540470875,0,0,"ENG","European Challenge Tour",25,0,9.59396063809867,0,0,1
1784,"Will Roebuck",3.35329053089056,"15202",49,0,14.9191481355769,0,0,"ENG","PGA Tour Latinoamerica",27,0,14.3351748610776,0,0,1
1785,"Sebastian Szirmak",3.35488437096387,"15710",79,0,15.857625649885,0,0,"CAN","PGA Tour Canada",14,0,11.8399774004809,0,0,1
1786,"Rory Hie",3.35587627816809,"13306",220,0.276180316496612,37.1455779741516,0.00743507926269976,0,"INA","Asian Tour",68,0,29.0583608179867,0,0,1
1787,"Hirofumi Miyase",3.35681145332663,"3808",65,0,11.8829597834276,0,0,"JPN","Japan Golf Tour",10,0,6.35031957440601,0,0,1
1788,"Justin De Los Santos",3.35800115759612,"24356",74,0,31.2936737437212,0,0,"USA","Asian Development Tour",64,0,29.633269757454,0,0,1
1789,"Takaya Onoda",3.35982167700209,"14308",51,0,15.8417815516454,0,0,"JPN","Japan Golf Tour",11,0,9.71068799827358,0,0,1
1790,"Joe Heraty",3.36244198539162,"19998",89,0,21.2737747071951,0,0,"ENG","MENA Golf Tour",38,0,19.083227869333,0,0,1
1791,"Breyten Meyer",3.3640482887682,"19532",179,3.59528595652336,34.7723578326978,0.103394943012538,0,"RSA","Sunshine Tour",53,2.14254971113138,25.4225706912751,0.084277461046325,0,1
1792,"Charlie Harrison",3.36439062945526,"18189",42,0,1.33904224699411,0,0,"USA","PGA Tour Canada",0,0,0,NA,0,NA
1793,"Steve Carney",3.36612261873352,"18532",61,0,2.56606783606611,0,0,"USA","PGA Tour Latinoamerica",0,0,0,NA,0,NA
1794,"Chris Selfridge",3.36766298375676,"13982",113,0.362977120741283,10.2138797316242,0.0355376341095375,0,"IRL","European Challenge Tour",25,0,6.98679435552229,0,0,1
1795,"Jay Woodson",3.37129470644878,"9082",47,0,2.01635784995137,0,0,"USA","PGA Tour Canada",0,0,0,NA,0,NA
1796,"Mathias Gladbjerg",3.37593422528507,"20187",137,0.0281237217803741,26.5636511070002,0.00105872952731874,0,"DEN","Nordic Golf League",46,0,19.1203974106195,0,0,1
1797,"Gary Hurley",3.37673793477113,"18657",122,1.07947985905232,14.3253460366976,0.0753545398684948,0,"IRL","European Challenge Tour",32,0,10.1874020634424,0,0,1
1798,"Pelle Edberg",3.37796578865904,"8574",100,9.90917918931896,12.0055990357233,0.825379821517751,1,"SWE","European Tour",21,8.26509187818517,10.3117162672243,0.801524369367659,0,1
1799,"Lee Corfield",3.37901644625678,"9390",71,0,2.66699887457981,0,0,"ENG","MENA Golf Tour",0,0,0,NA,0,NA
1800,"Dale Brandt-Richards",3.38132833987087,"15160",123,1.48631319094189,21.6641206207152,0.0686071323624683,0,"AUS","PGA Tour Australasia",38,1.02331219451955,15.6762980038033,0.0652776691455651,0,1
1801,"Bjorn Pettersson",3.38349231192471,"6518",55,0,7.06689905188887,0,0,"SWE","Nordic Golf League",10,0,5.2788764784553,0,0,1
1802,"Anthony Houston",3.38475727238063,"15924",44,0.0430792876427906,1.11242930682474,0.0387254159689067,0,"AUS","PGA Tour Australasia",0,0,0,NA,0,NA
1803,"Ryan Snouffer",3.3852972137769,"23483",50,0,16.0473308855626,0,0,"USA","PGA Tour Canada",32,0,11.2931760482999,0,0,1
1804,"Taewook Koh",3.3875410636894,"19267",56,0,14.991188652556,0,0,"NZL","Korean Golf Tour",32,0,13.2163852731136,0,0,1
1805,"Panuwat Muenlek",3.38777769760015,"10690",178,0,33.1609605524653,0,0,"THA","Asian Development Tour",54,0,25.7166856996994,0,0,1
1806,"Maximilian Walz",3.38799979555165,"16486",157,0,40.0244819123654,0,0,"GER","ProGolf Tour",60,0,33.9481179362168,0,0,1
1807,"Derek Gillespie",3.39354371382852,"6883",122,0.0256677615284594,14.0559988892029,0.0018261072536208,0,"CAN","PGA Tour Latinoamerica",24,0,8.41343080063297,0,0,1
1808,"Gerard Piris Mateu",3.39356860203879,"15371",66,0,2.38635499768516,0,0,"ESP","Alps Golf Tour",0,0,0,NA,0,NA
1809,"Jesse Yap",3.39474029661015,"24348",107,2.68925620437755,43.3649389304324,0.062014527650823,0,"SGP","Asian Development Tour",82,2.68925620437755,39.2992653759987,0.0684301901994323,0,1
1810,"Wynand Dingle",3.39540524668123,"12863",145,2.359004200193,34.7319611483138,0.0679202706152841,0,"RSA","Sunshine Tour",54,2.14254971113138,27.965871498033,0.0766130142335124,0,1
1811,"Mardan Mamat",3.39631464041228,"5685",172,2.17467743487159,34.7567741654549,0.0625684485136432,0,"SIN","Asian Tour",54,1.7174680514,27.8966680583176,0.0615653470805065,0,1
1812,"Nitithorn Thippong",3.39808805806663,"19399",180,0,45.8912857457091,0,0,"THA","Asian Development Tour",78,0,37.1838620995691,0,0,1
1813,"Jaakko Makitalo",3.40237969712801,"9261",82,0,4.66967214759609,0,0,"FIN","European Challenge Tour",7,0,2.25307307182748,0,0,1
1814,"Henry Todd",3.40426986318735,"22146",75,0,3.80744478711381,0,0,"USA","PGA Tour Latinoamerica",0,0,0,NA,0,NA
1815,"Nicolai Tinning",3.40614511416641,"20256",131,1.40555737899726,21.2544142003348,0.0661301396382461,0,"DEN","Nordic Golf League",41,1.37743365721689,14.6583544522965,0.0939691874486692,0,1
1816,"Brad Clapp",3.40732377624712,"17527",58,0,1.42573383928991,0,0,"CAN","PGA Tour Canada",0,0,0,NA,0,NA
1817,"Ma Chengyao",3.40734202747817,"17937",92,2.39804476062889,28.2416266359223,0.0849117082221696,0,"CHN","PGA Tour China",52,0,23.0602441223398,0,0,1
1818,"James Watts",3.40931955626999,"12299",50,0,1.50038987565401,0,0,"ENG","EuroPro Tour",0,0,0,NA,0,NA
1819,"Julien Gressier",3.40966706281655,"15336",105,0,9.43994184164053,0,0,"FRA","ProGolf Tour",16,0,4.27503095282771,0,0,1
1820,"Jose Antonio Hernandez",3.41196824003602,"20974",42,0,2.75124147094043,0,0,"MEX","PGA Tour Latinoamerica",4,0,1.60402827417263,0,0,1
1821,"Brian Casey",3.4128374185088,"19970",101,0,13.6519820817928,0,0,"IRL","EuroPro Tour",38,0,11.275458701741,0,0,1
1822,"Cameron Peck",3.41455160569503,"13352",55,0,1.42855034681893,0,0,"USA","PGA Tour Canada",0,0,0,NA,0,NA
1823,"Chen Dinggen",3.41834251120949,"11758",115,2.55893448948677,28.502036731697,0.0897807589533065,0,"CHN","PGA Tour China",54,0,23.4943115841103,0,0,1
1824,"Carl Pettersson",3.41989641715242,"7048",97,6.62854609461522,6.62854609461522,1,1,"SWE","PGA Tour",10,2.98289388061427,2.98289388061427,1,0,1
1825,"Rui Takamatsu",3.42242409741325,"17901",43,0,5.7287939021777,0,0,"JPN","China Tour - PGA Tour China Series",6,0,5.2055217228,0,0,1
1826,"Younggyu Park",3.42382752766362,"18328",58,0,10.7078383500266,0,0,"KOR","Korean Golf Tour",14,0,8.33336750208498,0,0,1
1827,"Abhijit Singh Chadha",3.42550435664863,"16032",41,2.17105716692402,13.8762073410072,0.156458974240612,0,"IND","Asian Tour",22,1.7174680514,12.7925750482371,0.134255069438633,0,1
1828,"Kyungseok Chun",3.42931691483168,"19625",54,0,1.7709704271915,0,0,"KOR","Korean Golf Tour",0,0,0,NA,0,NA
1829,"Nicolas Tacher",3.43423793402748,"17609",90,0,5.96617133587487,0,0,"FRA","Alps Golf Tour",10,0,3.08333571913558,0,0,1
1830,"Mikkel Hjorth",3.43910453915867,"20194",100,0,25.3511619302248,0,0,"DEN","Nordic Golf League",42,0,18.4577576183912,0,0,1
1831,"Oscar Zetterwall",3.44023527479088,"18860",170,0.268379457838759,27.8311952237035,0.00964311649864697,0,"SWE","Asian Development Tour",45,0,19.6556306322575,0,0,1
1832,"Shinichi Yokota",3.44024947784468,"5070",113,0,10.5527674876658,0,0,"JPN","Japan Golf Tour",17,0,6.50665761456362,0,0,1
1833,"Alex Edge",3.44125585773542,"17884",101,2.25658524342888,19.5075302409501,0.115677649377258,0,"AUS","PGA Tour Australasia",30,2.0466243890391,13.9278226254225,0.146945035421646,0,1
1834,"David Antonelli",3.44842238619662,"12405",132,0,23.5295603066754,0,0,"FRA","ProGolf Tour",40,0,18.6284677842038,0,0,1
1835,"Ren Takeuchi",3.45020505511696,"23276",43,0,15.6898079750016,0,0,"JPN","Japan Golf Tour",35,0,14.5860726573168,0,0,1
1836,"Omar Uresti",3.45466925461128,"5183",50,9.29228587702348,9.64431290249203,0.963499004125262,1,"USA","PGA Tour",16,7.54859789520274,7.54859789520274,1,0,1
1837,"Divan Van Den Heever",3.45532679755853,"8464",43,0,7.1488352059853,0,0,"RSA","Sunshine Tour",12,0,6.24740968953297,0,0,1
1838,"Ayoub Lguirati",3.45635775578813,"18246",73,2.47978986033021,30.0018120279678,0.0826546695919079,0,"MAR","ProGolf Tour",42,1.94,26.445588489108,0.0733581709024557,0,1
1839,"Adam Sagar",3.4628426949451,"21633",97,0,18.8975673793542,0,0,"ENG","MENA Golf Tour",40,0,16.7342819405709,0,0,1
1840,"Jaturon Duangphaichoom",3.46301408646288,"19321",85,0,24.3420323733544,0,0,"THA","Asian Development Tour",50,0,21.8185954598576,0,0,1
1841,"Martin Granstad",3.46387622708513,"21336",90,0,24.3273401625568,0,0,"SWE","Nordic Golf League",43,0,18.7210012237932,0,0,1
1842,"Felix Palson",3.4688519250512,"20871",73,0,26.8329862124887,0,0,"SWE","Nordic Golf League",48,0,21.0636693425636,0,0,1
1843,"Andre De Decker",3.47204058403899,"21303",121,3.83049262703102,23.2653376557237,0.164643758182837,0,"RSA","Sunshine Tour",35,3.16586190565094,16.7389365076725,0.189131603683413,0,1
1844,"Lucas Kim",3.4734020039781,"17855",52,0,3.1024429709593,0,0,"CAN","PGA Tour Canada",4,0,1.14736367510863,0,0,1
1845,"Kalle Sneck",3.47380369856693,"20118",52,0,15.9182516487077,0,0,"FIN","Nordic Golf League",27,0,10.5389808403813,0,0,1
1846,"Jeev Milkha Singh",3.47478366393692,"3831",149,5.19950407327718,22.4045917716441,0.232073144928167,0,"IND","Asian Tour",40,1.47047373910294,15.9588596977007,0.0921415293421497,0,1
1847,"Jooyeob Baek",3.47496054033725,"14931",134,0,20.6602951300369,0,0,"KOR","Korean Golf Tour",45,0,16.2498228773746,0,0,1
1848,"Luca Galliano",3.47727504821932,"15566",177,1.6217949213406,38.179060209552,0.0424786496168088,0,"SUI","ProGolf Tour",57,1.30144192387913,28.8069445667488,0.0451780618685037,0,1
1849,"Hiroo Kawai",3.47953112357132,"10710",73,0,8.57950331875439,0,0,"JPN","Japan Golf Tour",9,0,6.98543244817397,0,0,1
1850,"Clayton Rask",3.48015633592016,"13186",46,0,1.10645554200647,0,0,"USA","PGA Tour Canada",0,0,0,NA,0,NA
1851,"Adam Chapman",3.48055555743586,"23162",74,0,13.0437858248379,0,0,"ENG","European Challenge Tour",40,0,10.9791755407405,0,0,1
1852,"Jake Redman",3.48708867128882,"13705",158,2.477683071791,29.6456436777969,0.083576632665482,0,"RSA","Sunshine Tour",49,2.10992205055578,22.8555989395097,0.092315325279375,0,1
1853,"Duane Keun",3.48942157927815,"17198",98,2.10992205055578,38.1420881420697,0.0553174236999518,0,"RSA","Sunshine Tour",78,2.10992205055578,36.0911593261414,0.0584609109252838,0,1
1854,"Devin Carrey",3.49030101228158,"14507",60,0,3.22814943074058,0,0,"CAN","PGA Tour Latinoamerica",4,0,0.971401489120828,0,0,1
1855,"Jamie Sadlowski",3.49061048211064,"15750",68,0.299886578387926,7.89897406917649,0.0379652567234204,0,"CAN","PGA Tour Canada",20,0,5.42603407726908,0,0,1
1856,"Sam Lee",3.49335473729642,"18861",78,1.02331219451955,23.6691258451921,0.0432340510254805,0,"FIJ","PGA Tour Australasia",42,1.02331219451955,20.9994945916161,0.0487303249159198,0,1
1857,"Tomas Melo Gouveia",3.49383832874147,"23267",84,0.996245081446612,34.4064171560985,0.0289552113760275,0,"POR","ProGolf Tour",55,0.754615101584514,30.0395913232429,0.0251206846812405,0,1
1858,"Meechok Phantharak",3.49470908391361,"22888",43,0,9.21329311921119,0,0,"THA","Asian Development Tour",18,0,7.24498449237393,0,0,1
1859,"Riekus Nortje",3.49550147037432,"15179",119,3.13299231048255,29.7200001873047,0.105416968059807,0,"RSA","Sunshine Tour",43,2.14254971113138,23.5296076169199,0.0910576047851601,0,1
1860,"Dale Williamson",3.50131275852485,"19233",61,3.10483927750587,15.2218736083749,0.203972215075917,0,"AUS","PGA Tour Australasia",25,3.10483927750587,11.8646062027827,0.261689197638745,0,1
1861,"Dohoon Kim(Apr1989)",3.50307484997723,"7018",102,0,9.28939210638853,0,0,"KOR","Korean Golf Tour",8,0,5.16407808345408,0,0,1
1862,"Junya Kameshiro",3.50625988361191,"18496",70,1.08173079796854,8.19902698298685,0.131934045370646,0,"JPN","Japan Golf Tour",15,1.02331219451955,5.48398962514644,0.18659995085097,0,1
1863,"Amir Nazrin",3.5074986937208,"19381",135,2.21830464285122,43.3944080592689,0.0511195967881718,0,"MAS","Asian Development Tour",76,1.665944009858,37.6303546503652,0.0442712811329253,0,1
1864,"Peter Tarver-Jones",3.50776391618117,"19516",102,0,9.40218341986076,0,0,"ENG","European Challenge Tour",25,0,6.62993843131708,0,0,1
1865,"Yeh Wei-Tze",3.51106370753663,"6442",54,0,3.82610393679442,0,0,"TPE","Asian Tour",6,0,2.22798151409772,0,0,1
1866,"Ryan Lynch",3.51504672218277,"12830",104,2.45407620415322,18.5158573889948,0.132539161033496,0,"AUS","PGA Tour Australasia",32,2.41099691651043,14.3588576341306,0.167910078778103,0,1
1867,"James Kingston",3.51560606840958,"2931",47,1.06343034995941,5.53973334226238,0.19196417665929,0,"RSA","Sunshine Tour",4,0,2.04534762929436,0,0,1
1868,"Jimmy Mullen",3.51664748244757,"17647",90,0,8.22841103007725,0,0,"ENG","European Challenge Tour",22,0,6.1379748156676,0,0,1
1869,"Heinrich Bruiners",3.51715896869203,"11976",174,2.6597241354224,35.7518430315188,0.074394042653342,0,"RSA","Sunshine Tour",70,2.14254971113138,30.7846072109191,0.0695980850576334,0,1
1870,"Benedict Staben",3.51747723389578,"19808",127,1.9722516142259,27.0916163251525,0.0727993335855276,0,"GER","ProGolf Tour",43,1.85090447334672,19.9438246667326,0.0928058937679156,0,1
1871,"Yang Yinong",3.51819044764882,"17940",139,2.55893448948677,37.7095781429316,0.0678590060007454,0,"CHN","China Tour - PGA Tour China Series",67,0,32.1880750860669,0,0,1
1872,"Poosit Supupramai",3.5197358034718,"13100",79,0,22.8140254462871,0,0,"THA","Asian Development Tour",40,0,20.0173759369667,0,0,1
1873,"Jay Choi",3.52106730111416,"13121",42,0,10.1242488025858,0,0,"USA","Japan Golf Tour",12,0,8.43707500156807,0,0,1
1874,"Kevin Hesbois",3.53048642257051,"13373",147,0,27.0859740874443,0,0,"BEL","Alps Golf Tour",50,0,19.9129763153427,0,0,1
1875,"Geonha Kim",3.53091466996214,"17775",73,0,8.02553130563587,0,0,"KOR","Korean Golf Tour",6,0,5.7036,0,0,1
1876,"Tuomas Salminen",3.53418736762333,"18865",50,0,6.9172529218719,0,0,"FIN","Nordic Golf League",7,0,4.48987212188127,0,0,1
1877,"Colin Monagle",3.53671107153768,"21895",60,0.0701327332771128,5.14406210426892,0.0136337260039904,0,"USA","PGA Tour Canada",11,0,2.36128262514228,0,0,1
1878,"Alan Wagner",3.53687746820005,"10871",109,0,20.3685689778406,0,0,"ARG","PGA Tour Latinoamerica",24,0,14.2649800593822,0,0,1
1879,"Uli Weinhandl",3.5379596636524,"6533",106,0,21.8778017761321,0,0,"AUT","Alps Golf Tour",38,0,19.1878228591652,0,0,1
1880,"Adrien Bernadet",3.539806583539,"10202",127,0.335889766628041,12.2172468629701,0.0274930817389068,0,"FRA","European Challenge Tour",22,0,5.67407490114769,0,0,1
1881,"Christian Aronsen",3.54283448499385,"9497",114,0.0562474435607483,10.5723244690469,0.00532025324472652,0,"NOR","Nordic Golf League",25,0,7.76500794510765,0,0,1
1882,"Thomas Grava",3.5441957016738,"18636",100,0,12.2574926176406,0,0,"FRA","Alps Golf Tour",31,0,8.8987546971169,0,0,1
1883,"Chris Doak",3.54677025071753,"10458",62,0.757539633164218,12.4447266455595,0.0608723401276575,0,"SCO","European Challenge Tour",38,0.66805532375019,11.0553926890078,0.060428004915142,0,1
1884,"Ronnachai Jamnong",3.54795558041451,"8502",58,0,17.8618173367986,0,0,"THA","Asian Development Tour",34,0,16.6311989001763,0,0,1
1885,"Rory McNamara",3.54942128926036,"19608",158,0,34.843970641196,0,0,"IRL","ProGolf Tour",52,0,28.5189899527662,0,0,1
1886,"Tom Power Horan",3.55327757070907,"18096",70,0.253040142032563,5.57393894938197,0.0453970063774415,0,"AUS","PGA Tour Australasia",6,0,1.49410732038562,0,0,1
1887,"Tung Hsieh",3.55988684590415,"14095",47,0.0430792876427906,10.7723817761012,0.00399904947096873,0,"TPE","Asian Tour",16,0,9.51154936415776,0,0,1
1888,"Genki Okada",3.55999132853558,"21534",57,0,14.2187334907735,0,0,"JPN","Asian Development Tour",23,0,12.5907438400112,0,0,1
1889,"Krister Eriksson",3.56091225190705,"13346",70,0,3.95721099254786,0,0,"SWE","European Challenge Tour",7,0,1.90399071607795,0,0,1
1890,"Michael Jonzon",3.56475492312754,"5218",55,2.9632370927995,3.78095469328402,0.78372721526206,1,"SWE","European Tour",6,1.33673049264613,1.87650773360098,0.712350111172186,0,1
1891,"James Hazen",3.56660094649014,"16281",47,0,1.12442473407485,0,0,"USA","PGA Tour Latinoamerica",0,0,0,NA,0,NA
1892,"Max Kramer",3.56905705054083,"9220",132,1.42905795928061,24.7590626711511,0.0577185807985261,0,"GER","ProGolf Tour",43,1.09930098081269,19.247988524267,0.0571125122724768,0,1
1893,"Simon Gundorph",3.57089207623546,"13410",62,0,3.17639878404541,0,0,"DEN","Nordic Golf League",0,0,0,NA,0,NA
1894,"Alexander Matlari",3.58081711183488,"20376",42,0,9.6063494662765,0,0,"GER","PGA Tour Canada",24,0,6.61572841146543,0,0,1
1895,"Kealan Lowe",3.58264546597518,"22530",54,0,10.6773515720218,0,0,"ENG","EuroPro Tour",34,0,9.58616860287637,0,0,1
1896,"Dylan Kok",3.58289020802721,"23613",56,0,22.9433392430104,0,0,"RSA","Big Easy Tour",50,0,22.2078767381039,0,0,1
1897,"Sukree Othman",3.58484102852723,"8611",127,2.0005429298036,27.9557478435202,0.0715610593213767,0,"MAS","Asian Development Tour",52,1.665944009858,24.0616721962445,0.0692364186607951,0,1
1898,"Yuki Kitagawa",3.58734039655043,"17900",49,0,8.44601722378283,0,0,"JPN","Japan Golf Tour",11,0,7.58944208678241,0,0,1
1899,"Daniel Berna Manzanares",3.59008684408553,"18419",118,0,22.8503985790698,0,0,"ESP","Alps Golf Tour",40,0,17.499466574813,0,0,1
1900,"Landon Michelson",3.59300054432918,"23222",46,0,11.9436451242966,0,0,"USA","PGA Tour Latinoamerica",22,0,8.01344600960449,0,0,1
1901,"George Gandranata",3.593617485078,"15590",148,0.0584186034489874,20.9766926470428,0.00278492917982583,0,"INA","Asian Development Tour",36,0,14.9892236329177,0,0,1
1902,"Campbell Rawson",3.59772384889459,"19412",113,1.02331219451955,20.291906194252,0.0504295744679433,0,"AUS","PGA Tour Australasia",46,1.02331219451955,16.0011117786184,0.0639525683388427,0,1
1903,"Leonard Bem",3.59847392234919,"21275",144,0,34.1217828763436,0,0,"FRA","Alps Golf Tour",58,0,29.9265211461525,0,0,1
1904,"Sam Saunders(Mar1992)",3.59971824212918,"19765",48,0,6.78270985387083,0,0,"USA","PGA Tour Latinoamerica",13,0,4.33432901201755,0,0,1
1905,"Kristopher R Mueck",3.60060644402927,"15933",91,0.341611118371513,12.9728824198336,0.0263327075137319,0,"AUS","PGA Tour Australasia",18,0,8.82071542475397,0,0,1
1906,"Wisut Artjanawat",3.60444162092689,"8509",126,0,28.4302666463485,0,0,"THA","Asian Development Tour",58,0,25.2778269707089,0,0,1
1907,"Clemens Prader",3.60645722018267,"7922",123,0.716791365628458,24.180698423362,0.0296431208511304,0,"AUT","ProGolf Tour",34,0.716791365628458,18.1229639529851,0.039551552797212,0,1
1908,"Yu Morimoto",3.60927540617508,"12674",85,0,9.11012762488712,0,0,"JPN","Japan Golf Tour",7,0,6.56238562,0,0,1
1909,"Peter Creighton",3.61652487538836,"23050",71,0,17.8657416433857,0,0,"USA","PGA Tour Latinoamerica",34,0,14.1549566719127,0,0,1
1910,"Nick Marsh",3.61879003254261,"21306",131,0.0178093802603741,23.0877065936908,0.000771379356719691,0,"ENG","EuroPro Tour",48,0,19.4832933281481,0,0,1
1911,"Max Laier",3.62186483404624,"18843",129,0,17.8805851707327,0,0,"GER","ProGolf Tour",30,0,13.3161378216835,0,0,1
1912,"Choo Tze-huang",3.62291136994817,"9700",144,0,29.3246469052717,0,0,"SIN","Asian Development Tour",48,0,22.0987246217005,0,0,1
1913,"Kenneth De Silva",3.62643243045585,"13707",70,1.665944009858,19.951302645794,0.083500513196275,0,"MAS","Asian Development Tour",32,1.665944009858,17.5450799743811,0.0949522038252646,0,1
1914,"James Ruth",3.62694862417177,"12263",76,0.0189280266344714,11.9664318326078,0.0015817602857097,0,"ENG","EuroPro Tour",33,0,9.65652008164022,0,0,1
1915,"Katsunori Kuwabara",3.62713741002822,"5629",50,0,6.86733785533909,0,0,"JPN","Japan Golf Tour",0,0,0,NA,0,NA
1916,"Maxime Radureau",3.62812821238543,"19874",139,0,26.4527135282176,0,0,"FRA","Alps Golf Tour",51,0,22.0654321337774,0,0,1
1917,"Teaghan Gauche",3.6323384915907,"21196",147,0.488503347967268,29.0679416117857,0.0168055707036787,0,"RSA","Sunshine Tour",43,0,22.9012179376492,0,0,1
1918,"Andrew Loupe",3.63297961344843,"15318",111,4.30842281510448,8.89919290711307,0.484136354844132,0,"USA","PGA Tour",11,0,3.59157029530152,0,0,1
1919,"Kristian Caparros",3.63718746134118,"18255",56,0,15.3783411498422,0,0,"USA","PGA Tour Latinoamerica",24,0,9.77432436851154,0,0,1
1920,"Freddie Price",3.63824439038901,"23374",44,0,8.63387457649971,0,0,"ENG","EuroPro Tour",24,0,7.32599193074325,0,0,1
1921,"Philip Ulveman Juel-Berg",3.64016272521625,"20207",68,0,2.18508091083993,0,0,"DEN","Nordic Golf League",0,0,0,NA,0,NA
1922,"Koh Deng-shan",3.64072014509926,"10554",187,0.116837206897975,34.052389032169,0.0034311016119192,0,"SIN","Asian Development Tour",58,0,26.5455069786119,0,0,1
1923,"Maarten Bosch",3.64130451533828,"20269",122,0.91205217692363,20.662946113218,0.0441395032405468,0,"NED","ProGolf Tour",34,0.731976648536978,16.3329882495161,0.0448158436995547,0,1
1924,"Lars Keunen",3.64262631520705,"18953",66,0.150185293738576,26.0838764972134,0.00575778273427344,0,"NED","Alps Golf Tour",51,0,23.7732721417974,0,0,1
1925,"Mitchell Slorach",3.64277632706751,"14370",151,1.23327304890932,21.2839869164636,0.0579437045206678,0,"SIN","Asian Development Tour",41,1.02331219451955,15.6326266507998,0.0654600290391503,0,1
1926,"Greg Moss",3.64413042966093,"16084",120,0,19.3201571931671,0,0,"USA","Asian Development Tour",44,0,15.5127945064117,0,0,1
1927,"Mikael Salminen",3.64691461130882,"13141",74,0,10.6031228067167,0,0,"FIN","Nordic Golf League",24,0,8.52143354420504,0,0,1
1928,"Victor Gebhard Osterby",3.64759764824773,"16449",135,0,23.2091149085324,0,0,"DEN","Nordic Golf League",41,0,16.051291065508,0,0,1
1929,"Frank Lickliter-II",3.64843222675433,"5708",69,2.63341005402802,19.7719524012798,0.133189176292856,0,"USA","Web.com Tour",35,2.04853009134417,16.5211370775691,0.12399449757762,0,1
1930,"Michael Hirmer(Am)",3.64980999606148,"20713",82,0.507876406014425,21.4850459798469,0.0236385999122746,0,"GER","ProGolf Tour",32,0.507876406014425,16.599897497652,0.0305951531379193,0,1
1931,"Federico Zucchetti",3.6564848478378,"18930",81,0.453861503068893,23.2147519956252,0.0195505643633161,0,"ITA","PGA Tour Canada",38,0.42304682817397,19.1556235584496,0.0220847328140025,0,1
1932,"Benjamin Kedochim",3.66101500865713,"24412",41,0,17.9712338967318,0,0,"FRA","Alps Golf Tour",36,0,17.2283361918592,0,0,1
1933,"Tyler Torano",3.66185261086986,"21327",58,0.267894907001713,3.82253137064502,0.0700831153562276,0,"USA","PGA Tour Latinoamerica",4,0,2.22534445741442,0,0,1
1934,"Daniel Lokke",3.66366130939494,"14287",140,0.0562474435607483,14.8194841622979,0.00379550616909101,0,"DEN","Nordic Golf League",32,0,9.6162729626632,0,0,1
1935,"Luke Jackson",3.6643674974969,"20001",89,0,10.1330072145235,0,0,"ENG","EuroPro Tour",31,0,8.50556789008233,0,0,1
1936,"Yutaka Araki",3.66550911762952,"13087",86,0,33.8863343370532,0,0,"JPN","Asian Development Tour",76,0,32.2890718446741,0,0,1
1937,"Stefano Pitoni",3.66805214845823,"17895",86,0,17.2872492167126,0,0,"ITA","Alps Golf Tour",24,0,15.4277615218529,0,0,1
1938,"Juran Dreyer",3.67605821484472,"22910",48,0.0517175696036298,21.1028790263452,0.00245073525460979,0,"RSA","Big Easy Tour",43,0,20.4720063300265,0,0,1
1939,"Daniel Hendry",3.67621311739858,"22708",60,0,13.4086498947328,0,0,"ENG","MENA Golf Tour",17,0,11.1883105068623,0,0,1
1940,"Facundo Villanueva",3.67771916940406,"18129",68,0,14.14266399095,0,0,"PHI","PGA Tour Latinoamerica",18,0,9.17751029189273,0,0,1
1941,"Chonlatit Chuenboonngam",3.67827684853692,"23378",52,0,20.3260804445635,0,0,"THA","Asian Development Tour",36,0,18.5160552627075,0,0,1
1942,"Younes El Hassani",3.68438972726748,"7297",66,0.188475330590763,1.44200473485473,0.130703683583779,0,"MAR","ProGolf Tour",0,0,0,NA,0,NA
1943,"Neil Henderson",3.68542311931589,"19904",41,0,4.44038808285363,0,0,"SCO","EuroPro Tour",14,0,3.67605452326525,0,0,1
1944,"Blair Hamilton",3.69141645808853,"20043",93,1.37020497715328,22.4511985804183,0.0610303709285418,0,"CAN","PGA Tour Canada",39,1.34605418033115,18.6737628624857,0.072082642916885,0,1
1945,"Jesse Speirs",3.69154498991633,"15709",78,0,12.1808228258529,0,0,"USA","PGA Tour China",33,0,10.6962408509644,0,0,1
1946,"Geoff Drakeford",3.69261136359756,"15848",41,0.296119429675353,1.70101249488755,0.174084217820475,0,"AUS","PGA Tour Australasia",0,0,0,NA,0,NA
1947,"Josh Munn",3.69787594587619,"15891",62,0,4.20220917306614,0,0,"NZL","PGA Tour Australasia",4,0,1.29602732807537,0,0,1
1948,"Jeremy Wendelken",3.69897397238621,"24534",64,0,31.1927578373045,0,0,"USA","Asian Development Tour",55,0,29.5206617406738,0,0,1
1949,"Gregory Molteni",3.69951642837348,"9331",78,0,9.63351365229467,0,0,"ITA","Alps Golf Tour",19,0,7.48551208401486,0,0,1
1950,"Billy Watson",3.70304759310575,"23178",51,0,8.43680891102554,0,0,"ENG","EuroPro Tour",25,0,6.86039326733257,0,0,1
1951,"Somprad Rattanasuwan",3.71455810489836,"15655",49,0,23.9230518151617,0,0,"THA","Asian Development Tour",39,0,23.2025588139813,0,0,1
1952,"Andrew Georgiou",3.71637989951936,"14391",65,0.239646433623864,4.78552627644821,0.0500773415043764,0,"RSA","Sunshine Tour",3,0,2.14590420926424,0,0,1
1953,"Gaston Bertinotti",3.71754272458641,"25015",41,0,19.2584229355217,0,0,"ARG","Alps Golf Tour",41,0,19.2584229355217,0,0,1
1954,"David Heinzinger",3.72178747246859,"20278",149,0,34.8048325187106,0,0,"GER","ProGolf Tour",56,0,29.4322457678174,0,0,1
1955,"Akshay Sharma",3.72220157536617,"16085",46,1.87827472042158,25.3535099476749,0.074083419782823,0,"IND","Asian Tour",36,1.7174680514,24.6312305324074,0.06972725333963,0,1
1956,"Toto Thimba(Jnr)",3.72239784936446,"11864",145,3.75763999502976,32.4555107322634,0.115778180969876,0,"RSA","Sunshine Tour",52,2.07827321979744,25.4251155361369,0.0817409547989496,0,1
1957,"Rafael Gomez",3.72939172811157,"7747",61,0,9.24577577520689,0,0,"ARG","PGA Tour Latinoamerica",8,0,6.55352644382345,0,0,1
1958,"Gabriel Axell",3.73047144443423,"20150",88,0.0272800101269629,18.4571555320871,0.00147801810953685,0,"SWE","Nordic Golf League",34,0,16.5057374451485,0,0,1
1959,"Shohei Hasegawa",3.73070271106734,"15819",108,1.02331219451955,24.1285346651739,0.0424108719704623,0,"JPN","Asian Development Tour",63,1.02331219451955,20.4292170847988,0.0500906221844885,0,1
1960,"Daniel Zuluaga",3.73076012251959,"16597",56,0,2.54925361624448,0,0,"COL","Asian Tour",0,0,0,NA,0,NA
1961,"Teemu Putkonen",3.73139558516853,"19404",149,0,27.7877637440766,0,0,"FIN","Asian Tour",33,0,19.5342203972644,0,0,1
1962,"Fabian Becker",3.73226610731512,"12506",160,0.591424574798265,35.5195151986178,0.0166506938929527,0,"GER","ProGolf Tour",57,0.591424574798265,29.5730219063249,0.0199987872957878,0,1
1963,"Peter Martin",3.7341813847229,"16965",115,0,13.4240052586721,0,0,"AUS","China Tour - PGA Tour China Series",29,0,8.78479038213355,0,0,1
1964,"Stephane Meyssonnier",3.73906995334385,"22935",103,0,33.5405408781514,0,0,"FRA","ProGolf Tour",47,0,28.6149611516308,0,0,1
1965,"Gustaf Kocken",3.74669424456767,"20070",107,0,22.1743047160483,0,0,"SWE","Nordic Golf League",41,0,18.6705250100422,0,0,1
1966,"Derick Petersen",3.74850880438493,"10883",119,2.12999078940107,31.5672613598829,0.0674746778036299,0,"RSA","Sunshine Tour",64,2.07827321979744,29.409799621018,0.0706660108731984,0,1
1967,"Simon Griffiths",3.7495620950909,"7352",57,1.10947076980513,2.25613407228234,0.491757463989175,0,"ENG","Asian Tour",2,1.02331219451955,1.02331219451955,1,0,1
1968,"Paul Harris",3.75026110157183,"18214",132,1.02331219451955,19.7888605972102,0.0517115267699556,0,"USA","Asian Development Tour",50,1.02331219451955,16.1097540550997,0.0635212797799113,0,1
1969,"Kyle Barker",3.75549174632807,"23951",77,1.26492187966766,25.8720405339689,0.0488914617309319,0,"RSA","Big Easy Tour",57,1.05496102527789,23.9061936109827,0.0441291927290856,0,1
1970,"Clement Batut",3.75708273557026,"18626",61,0,3.99420082826614,0,0,"FRA","ProGolf Tour",2,0,0.492640113833992,0,0,1
1971,"Danie Van Niekerk",3.75765240048791,"23151",53,0.216454489061621,3.99808230663081,0.054139578042861,0,"RSA","Sunshine Tour",0,0,0,NA,0,NA
1972,"Sandro Piaget",3.76147258419688,"11351",118,0,18.6621924374741,0,0,"MON","PGA Tour Latinoamerica",34,0,13.8233446675209,0,0,1
1973,"Yassine Touhami",3.76226769612045,"21273",79,0.885993467244085,10.2776668230626,0.0862057004276451,0,"MAR","ProGolf Tour",9,0.42304682817397,4.07604142998254,0.103788647745855,0,1
1974,"Wilson Bateman",3.76332719017825,"15499",83,0.0931320067738135,14.6883194653427,0.0063405488281733,0,"CAN","PGA Tour Canada",20,0,13.4034471339404,0,0,1
1975,"Oskar Henningsson",3.76334343228454,"9399",57,0,14.3322652490049,0,0,"SWE","Nordic Golf League",20,0,10.1109254866937,0,0,1
1976,"Michal Pospisil",3.7720780430201,"14088",80,0.809364666628816,30.7339240845956,0.026334569721752,0,"CZE","ProGolf Tour",54,0.66805532375019,27.3441576574477,0.0244313733163483,0,1
1977,"Jakob Kollerup",3.77252024814733,"20210",125,0,26.0235461392598,0,0,"DEN","Nordic Golf League",45,0,18.914517838262,0,0,1
1978,"Taeksoo Kim",3.77287603758582,"18349",78,0,8.11871604654777,0,0,"KOR","China Tour - PGA Tour China Series",25,0,6.75740546461138,0,0,1
1979,"Jacobo Pastor Lopez",3.77402571586895,"15806",51,0,12.2958486785987,0,0,"ESP","European Challenge Tour",29,0,10.7797663645852,0,0,1
1980,"Spencer Fletcher",3.77591896681423,"21941",45,0,2.04190595191888,0,0,"USA","PGA Tour Canada",3,0,0.654196126042222,0,0,1
1981,"Eric Blom",3.78343032001328,"16443",55,0,1.73015937476255,0,0,"SWE","European Challenge Tour",0,0,0,NA,0,NA
1982,"David Rose",3.78344249173265,"18223",66,0,8.08951868014647,0,0,"CAN","PGA Tour Latinoamerica",26,0,7.0251083556386,0,0,1
1983,"Daniel Vancsik",3.78529699435714,"6587",78,0.0589383966752973,12.5906431956071,0.00468112675100355,0,"ARG","PGA Tour Latinoamerica",16,0,8.64859640389383,0,0,1
1984,"Brett Munson",3.7868429485847,"14877",209,0.289991251655665,40.3703189246219,0.00718327869039447,0,"USA","Asian Development Tour",78,0,32.1743901894774,0,0,1
1985,"Zachary Edmondson",3.78776309126212,"19739",72,0.0207391109789283,7.46985318664682,0.00277637464361438,0,"USA","PGA Tour Canada",4,0,3.331888019716,0,0,1
1986,"James Adams",3.79116782062586,"19962",119,0,18.2257775985144,0,0,"ENG","EuroPro Tour",47,0,14.8840675413945,0,0,1
1987,"Len Mattiace",3.79334235124124,"3982",54,0.485982916179601,1.52511424482552,0.318653450276571,0,"USA","Web.com Tour",0,0,0,NA,0,NA
1988,"Kiyoshi Miyazato",3.79401660157698,"7168",66,0,8.21556357476739,0,0,"JPN","Japan Golf Tour",12,0,6.39288561624634,0,0,1
1989,"Tyler Hogarty",3.79801038523122,"19312",102,0,18.9707106857264,0,0,"RSA","MENA Golf Tour",31,0,14.9898260393987,0,0,1
1990,"Ratchapol Jantavara",3.80518329084255,"16262",79,0,23.7408505942848,0,0,"THA","Asian Development Tour",46,0,21.2369835547759,0,0,1
1991,"John O'Toole",3.80628857251215,"21228",178,0.824460104080281,20.2004096974988,0.0408140288452846,0,"USA","Asian Development Tour",40,0,12.5715355246973,0,0,1
1992,"Varanyu Rattanaphiboonkij",3.80854797496911,"21415",110,0,32.5972350305144,0,0,"THA","Asian Development Tour",60,0,28.1839243192782,0,0,1
1993,"Ross Cameron",3.80986835797248,"14093",130,0,26.5765515677542,0,0,"SCO","ProGolf Tour",46,0,21.1130010519516,0,0,1
1994,"Matt Killen",3.81385115213886,"18219",129,0,32.9657376904192,0,0,"ENG","Asian Development Tour",61,0,28.4914306650246,0,0,1
1995,"Taewoun Ko",3.81716903465764,"15344",71,0,9.36969207150441,0,0,"KOR","China Tour - PGA Tour China Series",26,0,7.76988084988433,0,0,1
1996,"Blake Snyder",3.81924646230915,"18545",147,0.479714673754718,20.9527198381433,0.0228951027580402,0,"USA","Asian Development Tour",26,0,14.3313786588577,0,0,1
1997,"Hampus Bergman",3.82184218924349,"17470",67,0,14.4235249323306,0,0,"SWE","Nordic Golf League",36,0,12.6910262727177,0,0,1
1998,"R. Nachimuthu",3.82241994446501,"6434",91,1.97133362807911,17.2286291708774,0.114421966398312,0,"MAS","Asian Development Tour",32,1.665944009858,13.5592838668405,0.122863716566337,0,1
1999,"Cristian Espinoza",3.82294507409198,"13600",68,0,2.90682094319607,0,0,"CHI","PGA Tour Latinoamerica",0,0,0,NA,0,NA
2000,"Ryan Campbell",3.82403392373838,"21908",101,0,12.686463933141,0,0,"SCO","EuroPro Tour",35,0,10.3264277470918,0,0,1
2001,"Marc Cayeux",3.82455927488558,"5904",71,4.37719761884262,15.127210194938,0.289359211806771,0,"ZIM","Sunshine Tour",30,3.16586190565094,11.1435066146574,0.284099253056196,0,1
2002,"David Gleeson",3.8270712809162,"5898",97,7.93505302083332,27.0190514278814,0.293683626977556,0,"AUS","Asian Tour",55,4.85070229647533,22.8182514231904,0.2125799302722,0,1
2003,"Torbjorn Johansen",3.82868841739231,"21404",78,0,19.1102685588511,0,0,"NOR","Nordic Golf League",33,0,15.3430385633071,0,0,1
2004,"Joon Kim",3.82925042052478,"15369",70,0,6.61622618896071,0,0,"ITA","Alps Golf Tour",11,0,4.68623540016348,0,0,1
2005,"James Wilkinson",3.83616125690349,"20039",84,0,10.7884935254829,0,0,"ENG","EuroPro Tour",32,0,9.11540824022333,0,0,1
2006,"Michael Hollick",3.84046114912259,"15993",139,1.28329308446654,30.2138886062623,0.0424736154021748,0,"RSA","Sunshine Tour",47,1.05496102527789,24.2549694482668,0.0434946342656916,0,1
2007,"Bjorn Akesson",3.84717900121546,"11530",53,0.446093112673511,1.41525024295108,0.315204406355245,0,"SWE","European Tour",0,0,0,NA,0,NA
2008,"Pierre Relecom",3.84833090050241,"12228",47,0,1.44764937921834,0,0,"BEL","European Challenge Tour",2,0,0.539777240954857,0,0,1
2009,"Md. Shakhawat Sohel",3.84853924602068,"15273",62,0,20.9412151754951,0,0,"BAN","Asian Development Tour",44,0,19.1656083365202,0,0,1
2010,"Angel Cabrera",3.85249583126821,"5717",106,7.64018106531392,21.2158656363236,0.360116395733256,0,"ARG","PGA Tour",28,5.22291675460616,17.2136665329881,0.303416866162534,0,1
2011,"Sung Lee",3.85410771966479,"7785",47,0,4.00740923871147,0,0,"KOR","Asian Tour",10,0,2.60953629886339,0,0,1
2012,"James Byrne",3.85742028689573,"13233",102,0,4.9223030280511,0,0,"SCO","Asian Development Tour",2,0,0.477860910418972,0,0,1
2013,"Natthapong Niyomchon",3.86146596775189,"17555",127,0,19.9470770478486,0,0,"THA","Asian Development Tour",26,0,14.9402397918365,0,0,1
2014,"Luke Goddard",3.86286991749812,"14290",56,0,1.78194995948083,0,0,"ENG","EuroPro Tour",0,0,0,NA,0,NA
2015,"Doeun An",3.86728702669067,"14380",64,0,17.6356786808255,0,0,"AUS","Korean Golf Tour",28,0,12.1162829931147,0,0,1
2016,"Jin Jeong",3.86930418013281,"13573",59,0.375216736393394,2.0784828879428,0.180524332709214,0,"KOR","PGA Tour Australasia",0,0,0,NA,0,NA
2017,"Warren Harmston",3.87167124488069,"19994",101,0,11.2709848324821,0,0,"ENG","EuroPro Tour",31,0,8.70364065627292,0,0,1
2018,"Maximilian Oelfke",3.87186781031497,"23879",44,0,26.0913222956005,0,0,"GER","ProGolf Tour",41,0,25.8978684627609,0,0,1
2019,"Song Chao",3.8730136656829,"16767",42,2,23.1587693723006,0.0863603746748362,0,"CHN","China Tour",30,0,19.3909496959513,0,0,1
2020,"Victor Wiggins",3.87746494119303,"23436",62,0,9.79852097762672,0,0,"USA","PGA Tour Latinoamerica",18,0,5.47100544028094,0,0,1
2021,"Gustavo Acosta",3.88493557318488,"7215",45,0,4.19603761020651,0,0,"ARG","PGA Tour Latinoamerica",4,0,1.89678385433219,0,0,1
2022,"Alvaro Velasco",3.89151808139203,"9603",119,0.44922201147691,11.0276516222665,0.0407359632734372,0,"ESP","European Challenge Tour",26,0,7.62997522265446,0,0,1
2023,"Lukas Gras",3.89483865333151,"23915",46,0,28.5320842355341,0,0,"GER","ProGolf Tour",44,0,28.3991262748196,0,0,1
2024,"Shi Alex Kim",3.89497256694296,"17415",54,0.0566660453455178,20.5429319729306,0.00275842053219018,0,"USA","PGA Tour China",38,0,18.1230776204931,0,0,1
2025,"Divyanshu Bajaj",3.89500275683208,"16817",61,1.7174680514,26.3739046571688,0.0651199764966607,0,"IND","Asian Tour",42,1.7174680514,24.8674322292367,0.0690649535331103,0,1
2026,"Marcus Mohr",3.89536582202109,"20333",88,0,19.3522726816848,0,0,"ENG","Alps Golf Tour",42,0,15.8850692139921,0,0,1
2027,"Nicolas Aparicio",3.8987028825042,"20808",75,0,4.7459854207224,0,0,"FRA","Alps Golf Tour",5,0,1.13795407902622,0,0,1
2028,"Desne van den Bergh",3.89898709761075,"17203",121,1.27141551433951,27.8001517839088,0.0457341213178349,0,"RSA","Sunshine Tour",40,1.05496102527789,18.9915147475689,0.0555490722725493,0,1
2029,"Richard Jouven",3.89984258646971,"21282",122,0,30.2053346639768,0,0,"FRA","ProGolf Tour",50,0,25.3736491076187,0,0,1
2030,"Jose Ignacio Marin Casado",3.90028315619159,"20687",55,0,7.33005254602924,0,0,"ESP","MENA Golf Tour",19,0,5.15727928954669,0,0,1
2031,"Sujjan Singh",3.90085001107425,"10932",55,0.275948743130208,5.22809652122973,0.0527818761588778,0,"IND","Asian Tour",4,0,1.50732625446423,0,0,1
2032,"Nunzio Lombardi",3.90599744400601,"12175",56,0,3.4248836887646,0,0,"ITA","Alps Golf Tour",6,0,2.16499789528944,0,0,1
2033,"Inho Kim",3.91136723239984,"17437",138,0,22.5270212227742,0,0,"KOR","Korean Golf Tour",40,0,15.597811357245,0,0,1
2034,"Thordur Gissurarson",3.91335838274246,"20498",63,0,2.20796617343568,0,0,"ISL","ProGolf Tour",0,0,0,NA,0,NA
2035,"Anthony Kang",3.92064551261056,"6447",52,0.262080632207066,9.09924618579561,0.028802455374401,0,"USA","Asian Tour",20,0,7.28586339198098,0,0,1
2036,"Lindsay Renolds",3.9241112883455,"14251",80,0.0430792876427906,15.0836317989299,0.00285602885412827,0,"CAN","MENA Golf Tour",16,0,12.9648980474554,0,0,1
2037,"Oliver Percy-Smith",3.92783046679547,"20421",68,0,22.0928846184826,0,0,"DEN","Nordic Golf League",40,0,16.9404368745928,0,0,1
2038,"Kammalas Namuangruk(Am)",3.92824269036555,"21187",50,0,18.698317622615,0,0,"THA","Asian Tour",36,0,18.2269271988574,0,0,1
2039,"Adam Hedges",3.92988685773162,"21774",42,0,1.63338908036467,0,0,"ENG","EuroPro Tour",0,0,0,NA,0,NA
2040,"Brody Martin",3.9302818382576,"19076",63,0,13.175156592178,0,0,"AUS","PGA Tour Australasia",21,0,9.39960355341469,0,0,1
2041,"Lindani Ndwandwe",3.93480849443709,"7076",115,1.72981368693648,13.9041839441651,0.124409580158236,0,"RSA","Sunshine Tour",13,1.08758868585349,7.04103785640198,0.154464257689599,0,1
2042,"Joakim Rask",3.93653229354931,"5922",96,0,13.6851533312658,0,0,"SWE","Nordic Golf League",27,0,9.96060839880021,0,0,1
2043,"Marc Turnesa",3.93696246126417,"7627",88,2.68312344868884,4.98371060118428,0.538378662687847,1,"USA","Web.com Tour",4,2.04853009134417,2.04853009134417,1,0,1
2044,"Gaurav Pratap Singh",3.93831190769737,"12886",53,3.82253732958359,25.8182703065248,0.14805551588859,0,"IND","Asian Tour",36,3.4349361028,24.3460514276302,0.141088016387812,0,1
2045,"Oscar Granstrom Livesey",3.95393478208344,"23283",60,0,10.7341512452427,0,0,"SWE","EuroPro Tour",32,0,9.07819096429529,0,0,1
2046,"Yuncheol Jeon",3.95827567888716,"11699",108,0,7.68630573283197,0,0,"KOR","Korean Golf Tour",8,0,1.7060684102899,0,0,1
2047,"Steven Ferreira",3.96145608644563,"14432",107,0.156884861762296,4.62158410174246,0.0339461228679462,0,"RSA","Sunshine Tour",0,0,0,NA,0,NA
2048,"Jordan  Garnish",3.96151476245047,"21622",82,0,3.56738079951689,0,0,"ENG","MENA Golf Tour",2,0,0.477860910418972,0,0,1
2049,"Nathan Holman",3.96630392860031,"15923",86,3.09829718499482,3.44046539023187,0.900545953402546,1,"AUS","European Tour",0,0,0,NA,0,NA
2050,"Syed Saqib Ahmed",3.9694410803995,"18056",52,2.03908138944315,24.7663174685273,0.0823328454880055,0,"IND","Asian Tour",38,1.7174680514,23.3816261221945,0.0734537470757746,0,1
2051,"Adam Cornelson",3.97159937239106,"15423",64,0.0241507968221275,1.23423467917588,0.0195674268675171,0,"CAN","PGA Tour Canada",0,0,0,NA,0,NA
2052,"Matthew Spacey",3.97411509392572,"19351",97,0.216454489061621,24.4557954396079,0.00885084640146511,0,"RSA","Big Easy Tour",43,0,17.5586142872805,0,0,1
2053,"Clemens Gaster",3.98111118714712,"21661",98,0.11816334574318,25.0527383053893,0.00471658404373948,0,"AUT","Alps Golf Tour",46,0,21.583563781147,0,0,1
2054,"Toni Ferrer",3.98129486155733,"20674",78,0,4.28912792826677,0,0,"ESP","Asian Tour",8,0,2.14734908194684,0,0,1
2055,"He Shaocai",3.99135923513579,"12622",97,2.47971467375472,16.577688213414,0.149581451999334,0,"CHN","China Tour - PGA Tour China Series",26,0,10.4006553874289,0,0,1
2056,"Tobias Ruth",3.99380673757094,"24664",42,0,17.0603888696769,0,0,"SWE","Nordic Golf League",38,0,14.662344109048,0,0,1
2057,"Sebastian MacLean",3.99496903261238,"16584",64,0,13.1171977866538,0,0,"BOL","PGA Tour Latinoamerica",12,0,9.6534851345064,0,0,1
2058,"Lawrence Allan",3.99771736118665,"23159",53,0,8.94061827922154,0,0,"SCO","EuroPro Tour",26,0,7.37774730429321,0,0,1
2059,"Chanwoo Kim(Nov-1999)",4.00036813281994,"19877",78,0.426415343451393,8.75199751169481,0.0487220594934582,0,"KOR","Asian Tour",10,0,3.97926915633074,0,0,1
2060,"Christoph Koerbler",4.00079002524109,"15422",77,0,7.35072693758641,0,0,"AUT","Alps Golf Tour",16,0,4.16896653448509,0,0,1
2061,"Mads Vibe-Hastrup",4.00231407966833,"6899",72,0,14.983729437163,0,0,"DEN","Nordic Golf League",29,0,8.9308192022325,0,0,1
2062,"Robert Burlison",4.00274583628724,"23161",53,0,6.28375697363371,0,0,"ENG","EuroPro Tour",16,0,4.01507626630399,0,0,1
2063,"Van Phillips",4.0033651921925,"5619",41,0,5.99465377526064,0,0,"ENG","EuroPro Tour",18,0,4.68044172128292,0,0,1
2064,"Combrinck Smit",4.00423548265687,"23148",106,0.840384364865338,20.2579675318176,0.0414841401806677,0,"RSA","Sunshine Tour",33,0,13.2129638142499,0,0,1
2065,"Nicholas Case Cochran",4.00908953680506,"18434",78,0,5.153488287054,0,0,"USA","PGA Tour Latinoamerica",6,0,2.24120685170601,0,0,1
2066,"Alexandre Widemann",4.01143678534947,"20132",55,0.0220417801880415,4.33023520209104,0.00509020391719086,0,"FRA","European Challenge Tour",8,0,2.59069560530159,0,0,1
2067,"Faycal Serghini",4.01159263437721,"9304",82,3.58432994013548,19.6714162305022,0.182210060431627,0,"MAR","ProGolf Tour",20,3.50748671887539,15.9885787912123,0.219374515063415,0,1
2068,"James Wilson",4.01943836105177,"20314",144,0,32.7095426998022,0,0,"ENG","ProGolf Tour",50,0,26.9759083354216,0,0,1
2069,"Wallace Booth",4.01960616615432,"14034",78,0,2.67906556783246,0,0,"SCO","EuroPro Tour",0,0,0,NA,0,NA
2070,"Adam Hodkinson",4.02297995035886,"22134",81,0.117706726652809,8.12662410687938,0.0144840865167084,0,"ENG","EuroPro Tour",21,0,5.96123120440685,0,0,1
2071,"Luke Brown(June1998)",4.02545110997038,"24608",51,0,24.0355589551469,0,0,"RSA","Big Easy Tour",49,0,23.6494555373369,0,0,1
2072,"Yoshinobu Tsukada",4.02615895160333,"7296",108,0,13.2609485803131,0,0,"JPN","Japan Golf Tour",16,0,8.8207507478796,0,0,1
2073,"John Henry",4.02637810401277,"20680",106,0,11.5127326057477,0,0,"SCO","EuroPro Tour",31,0,8.80433719912989,0,0,1
2074,"Heath Slocum",4.02723006937746,"7170",46,5.39333280568613,5.80442511658914,0.929176050574223,1,"USA","PGA Tour",8,4.33967998029849,4.33967998029849,1,0,1
2075,"Zaw Moe",4.02739515326051,"4908",48,0,4.97876613453962,0,0,"MYA","Asian Development Tour",4,0,2.45701461385074,0,0,1
2076,"Pieter Kruger",4.03514083503922,"13772",69,0.0430792876427906,2.52257422660186,0.0170775104210997,0,"RSA","Sunshine Tour",0,0,0,NA,0,NA
2077,"Johann Lopez Lazzaro",4.04069242326846,"14684",96,0,6.4051955131228,0,0,"FRA","ProGolf Tour",7,0,1.59073543920135,0,0,1
2078,"David McIntyre",4.04089040246962,"24577",55,2.10992205055578,22.456920718867,0.0939542013337182,0,"RSA","Sunshine Tour",49,2.10992205055578,21.3101935679713,0.0990099899292771,0,1
2079,"Nicolas Maheut",4.04112890999661,"20896",115,0,36.1147801426338,0,0,"FRA","ProGolf Tour",57,0,30.9143320052476,0,0,1
2080,"Heemin Chang",4.04331682541241,"23565",44,0,7.1441589251927,0,0,"KOR","EuroPro Tour",21,0,5.70026139006479,0,0,1
2081,"Raphael Marguery",4.04781928527405,"15339",113,0,10.7939148138883,0,0,"FRA","Alps Golf Tour",24,0,6.56484984560476,0,0,1
2082,"Paul Howard",4.05127773163059,"19510",130,0.831305336777349,11.764610780856,0.0706615248275019,0,"ENG","European Challenge Tour",22,0.591424574798265,5.82005195112766,0.101618435671124,0,1
2083,"Nicolas Thommen",4.05348654423916,"12374",41,0,0.812651844081075,0,0,"SUI","ProGolf Tour",0,0,0,NA,0,NA
2084,"Axel Boasson",4.05496491150861,"20733",125,0.137070062592267,22.4681359377375,0.00610064239294744,0,"ISL","Nordic Golf League",40,0,15.9126826965439,0,0,1
2085,"Kheng-Hwai Khor",4.05640527826309,"12533",93,0.334598919945599,23.4254482872571,0.0142835652851781,0,"MAS","Asian Development Tour",49,0,21.0478378147407,0,0,1
2086,"Hyukchul Shin",4.05862734121939,"16765",79,0,30.7238674916531,0,0,"KOR","Asian Development Tour",67,0,29.066495718378,0,0,1
2087,"Huang Chi",4.06287618166848,"23208",42,0,17.2023645588039,0,0,"TPE","Asian Tour",26,0,15.0673546972784,0,0,1
2088,"Elki Kow",4.06320864413565,"14758",56,0,23.6453378353866,0,0,"INA","Asian Development Tour",41,0,22.1032141220738,0,0,1
2089,"Michael Bullen",4.06358040617062,"20431",70,0,5.37725061184213,0,0,"ENG","EuroPro Tour",10,0,3.12447270146113,0,0,1
2090,"Phillip Matsson(Nov1992)",4.06392125079691,"15151",70,0,21.7837907572056,0,0,"THA","Asian Development Tour",48,0,20.2276094702362,0,0,1
2091,"Su Dong",4.06620335367089,"9745",89,2.47971467375472,16.0789236595087,0.154221434610038,0,"CHN","China Tour - PGA Tour China Series",22,0,10.976576770813,0,0,1
2092,"Josh Cabban",4.06920004141534,"19205",50,0.209960854389772,2.78598994811656,0.0753631055028442,0,"AUS","PGA Tour Australasia",2,0,0.42304682817397,0,0,1
2093,"Michael Stewart",4.07045503795629,"15867",88,0,10.9416163096619,0,0,"SCO","EuroPro Tour",30,0,8.65471153121165,0,0,1
2094,"Nick Cunningham",4.07306669841151,"21909",63,0,5.16569115756077,0,0,"ENG","EuroPro Tour",13,0,3.43446212508838,0,0,1
2095,"Antonio Rosado",4.07493857415418,"10035",87,0,5.53090202887845,0,0,"POR","Sunshine Tour",4,0,1.06470400481137,0,0,1
2096,"Martin Amtkjaer",4.07845237561997,"20156",74,0,2.5784244267835,0,0,"DEN","Nordic Golf League",0,0,0,NA,0,NA
2097,"Daniel Wuensche",4.07875838442163,"13362",81,0,15.0009910822549,0,0,"GER","ProGolf Tour",28,0,13.8669785570012,0,0,1
2098,"Scott Gregory",4.08069040501861,"22253",65,12.5029976276946,19.7452314377277,0.633216058627951,1,"ENG","European Challenge Tour",34,11.6901012672226,16.0057697032225,0.730367953805371,0,1
2099,"Thomas Elissalde",4.0842493021912,"17699",142,0,27.175846423574,0,0,"FRA","Alps Golf Tour",50,0,22.9789011100547,0,0,1
2100,"Harinder Gupta",4.08492449869209,"7845",41,2.10506927818359,19.5502667830983,0.107674708562211,0,"IND","Asian Tour",28,1.7174680514,18.6011928100688,0.0923310708585491,0,1
2101,"Theunis Spangenberg",4.08585660994614,"10818",91,0.278542493577496,4.78199110794965,0.0582482249108418,0,"RSA","Sunshine Tour",0,0,0,NA,0,NA
2102,"Teemu Bakker",4.08663640587472,"13372",44,0,5.33119879786174,0,0,"FIN","European Challenge Tour",18,0,4.91948969360002,0,0,1
2103,"He Zeming",4.09183675934064,"18411",88,2.47726457636094,17.8805242849294,0.138545410463658,0,"CHN","China Tour - PGA Tour China Series",28,0,13.5082258995334,0,0,1
2104,"Dylan Boshart",4.09237338980583,"12648",153,0.959005163535647,33.329441228289,0.0287735145923081,0,"NED","ProGolf Tour",47,0.731976648536978,26.6732991888309,0.0274422988830525,0,1
2105,"Thepbadin Amaranan",4.09241362035977,"15483",89,0,19.197916371413,0,0,"THA","Asian Development Tour",35,0,15.1617469552444,0,0,1
2106,"Anthony Paolucci",4.09286790871308,"15207",129,0.812569089407533,17.4496203044208,0.0465665771077936,0,"USA","PGA Tour Latinoamerica",24,0.648013664037684,10.9451672805153,0.0592054600381744,0,1
2107,"Edgar Catherine",4.10542167063785,"22593",42,0,19.843043091848,0,0,"FRA","Alps Golf Tour",27,0,19.067133129578,0,0,1
2108,"He Zeyu",4.10614423091043,"9764",102,0.638154305218827,22.799063215205,0.0279903739550682,0,"CHN","PGA Tour China",46,0,18.8774702533037,0,0,1
2109,"Sajawat Sriprasit",4.10638819977373,"24363",58,0,24.6472893627513,0,0,"THA","Asian Development Tour",48,0,22.9893971263678,0,0,1
2110,"Jiman Kang",4.11284694999435,"7199",92,0,6.98294522633523,0,0,"KOR","Korean Golf Tour",10,0,2.39692881138371,0,0,1
2111,"Charlie Lindh",4.11347765034699,"20413",54,0,12.1633028713097,0,0,"SWE","Nordic Golf League",18,0,6.80129570973761,0,0,1
2112,"Daniel Jae Yong Kim",4.11436881372852,"21890",64,0.121347140879184,8.07360237858913,0.0150301111187977,0,"CAN","PGA Tour Canada",22,0,6.27395872957871,0,0,1
2113,"Philip Geerts",4.11528568349773,"22178",72,0.564248707191628,28.4667161562781,0.019821348696983,0,"ITA","Sunshine Tour",54,0.42304682817397,26.9936132905762,0.0156721081990776,0,1
2114,"Vladimir Osipov",4.1179704633312,"20579",98,0,13.0592935641113,0,0,"RUS","ProGolf Tour",28,0,8.23254587965652,0,0,1
2115,"Andrea Maestroni",4.11842761281246,"7000",62,0.660369683749107,1.93589525938408,0.341118498300991,0,"ITA","European Challenge Tour",0,0,0,NA,0,NA
2116,"Matthew Moseley",4.12253886935333,"17811",62,0,2.15153246074471,0,0,"WAL","EuroPro Tour",0,0,0,NA,0,NA
2117,"Matthew Giles",4.1234036999467,"9783",55,0.58215099277226,4.35746445474691,0.133598563756058,0,"AUS","PGA Tour Australasia",4,0,1.89678385433219,0,0,1
2118,"Lucas Vacarisas",4.12732562409093,"21285",66,0,14.8387083567459,0,0,"ESP","Alps Golf Tour",19,0,10.963847325286,0,0,1
2119,"Kevin Duncan",4.12837412987088,"20324",125,0,27.4278017997616,0,0,"SCO","ProGolf Tour",34,0,21.9646015389506,0,0,1
2120,"Sandeep Grewal",4.12851961586917,"7083",88,0,7.3221698090375,0,0,"ENG","EuroPro Tour",18,0,4.84838672807713,0,0,1
2121,"Mohammad Wafiyuddin",4.13176888268254,"18230",77,0.276180316496612,21.3431670313065,0.0129399875890727,0,"MAS","Asian Development Tour",40,0,18.6089257590012,0,0,1
2122,"Steven Parry",4.13364057787913,"7461",44,0,6.04916002930346,0,0,"ENG","EuroPro Tour",17,0,4.97973438180067,0,0,1
2123,"Michael Ziemer",4.13470748789568,"20601",94,0,11.7132977636595,0,0,"GER","ProGolf Tour",24,0,6.76500569618662,0,0,1
2124,"Ye Htet Aung",4.13694533268047,"15962",106,1.72436261330699,27.8053580990987,0.0620154794324653,0,"MYA","Asian Development Tour",52,1.665944009858,23.8104381456391,0.0699669615346041,0,1
2125,"Pisitchai Thippong(Am)",4.1400757379567,"23385",64,0,27.5454701203031,0,0,"THA","Asian Development Tour",52,0,26.0575319531313,0,0,1
2126,"Niclas Hellberg",4.14021521835075,"20057",104,0,14.5709869935313,0,0,"FIN","Nordic Golf League",30,0,11.4342273116934,0,0,1
2127,"Markus Habeler",4.14152390989201,"18584",78,0,23.0822472600915,0,0,"AUT","Alps Golf Tour",44,0,20.8300987340197,0,0,1
2128,"Anthony Renard",4.14989725573756,"21581",75,0,18.4699611013496,0,0,"FRA","Alps Golf Tour",28,0,15.7574081339927,0,0,1
2129,"Matias O'Curry",4.15484916458026,"13629",54,0,4.16594105069821,0,0,"ARG","PGA Tour Latinoamerica",6,0,1.36318091690762,0,0,1
2130,"Mark Ramsdale",4.15768682066657,"9393",63,0,7.68987499253838,0,0,"ENG","EuroPro Tour",24,0,6.50255543050797,0,0,1
2131,"Michele Cea",4.15803818343953,"18902",108,0.453861503068893,27.1571349617734,0.0167124221206601,0,"ITA","Alps Golf Tour",47,0.42304682817397,21.506383378469,0.0196707563856367,0,1
2132,"Somchai Pongpaew",4.16170170127789,"13091",48,0,11.2090444180395,0,0,"THA","Asian Development Tour",24,0,10.1126793877044,0,0,1
2133,"Hamza Amin",4.1667577444073,"15420",42,0,8.39426244263154,0,0,"PAK","Asian Tour",16,0,6.64423624885791,0,0,1
2134,"Robin Goger",4.1726724871575,"14240",94,0.0272800101269629,9.73733048719134,0.00280159024722921,0,"AUT","Alps Golf Tour",23,0,6.11049714049828,0,0,1
2135,"Anders Ellingsberg",4.17333087887756,"18840",101,0,18.1418621746387,0,0,"NOR","Nordic Golf League",32,0,11.5023697586633,0,0,1
2136,"Joao Carlota",4.17490908434449,"12079",60,1.03212892204534,9.64645576746866,0.106995662129717,0,"POR","European Challenge Tour",26,0.754615101584514,8.15936484970831,0.092484539603777,0,1
2137,"Thammanoon Sriroj",4.17597605018512,"2006",105,0,27.0777809321073,0,0,"THA","Asian Tour",60,0,25.2780884121573,0,0,1
2138,"Naras Luangpetcharaporn",4.18469789540189,"19327",63,0,25.2422497428633,0,0,"THA","Asian Development Tour",38,0,22.0118414212197,0,0,1
2139,"Coert Groenewald",4.18860002052606,"16895",112,0.216454489061621,32.1808560837149,0.0067261880323674,0,"RSA","Sunshine Tour",51,0,24.0320447203467,0,0,1
2140,"She Zihan",4.18993897258324,"17983",136,2.6406044026126,34.6407201024264,0.0762283345959555,0,"CHN","PGA Tour China",57,0,27.4900804084558,0,0,1
2141,"Sungpil Park",4.19011606616924,"10084",122,0,16.692815300327,0,0,"KOR","Korean Golf Tour",34,0,12.7914133905422,0,0,1
2142,"Stefan Still",4.19181333131717,"20593",71,0,19.3322191846592,0,0,"GER","ProGolf Tour",19,0,16.0806784857202,0,0,1
2143,"Felipe Velazquez",4.19463097300445,"16571",88,0,8.655726573885,0,0,"VEN","PGA Tour Latinoamerica",14,0,4.93711788682543,0,0,1
2144,"Oskar Arvidsson",4.19531908771748,"15602",166,0.0234262729174636,28.0870244320257,0.000834060331814725,0,"SWE","Asian Development Tour",57,0,21.5980851714829,0,0,1
2145,"Tom Wilde",4.20072137523501,"20861",67,0,6.98393032857715,0,0,"ENG","Alps Golf Tour",21,0,5.65751057668699,0,0,1
2146,"Kaname Yokoo",4.20876133348754,"5680",42,0,8.71950113641915,0,0,"JPN","Japan Golf Tour",8,0,4.78462406912883,0,0,1
2147,"Caleb Sturgeon",4.21824517717963,"21904",79,0,4.39189806827131,0,0,"USA","PGA Tour Canada",4,0,0.833402251502721,0,0,1
2148,"Anton Wilbertsson",4.22022915627838,"20125",100,0,16.9743007597205,0,0,"SWE","Nordic Golf League",33,0,13.73493960116,0,0,1
2149,"Martin Kim",4.22240352781165,"17027",122,0,23.6390715668267,0,0,"ARG","Korean Golf Tour",48,0,19.8472371573766,0,0,1
2150,"Arie Ahmad Irawan",4.2230990717192,"16111",161,2.05896153325259,28.8488163289765,0.0713707456754305,0,"MAS","Asian Development Tour",53,1.665944009858,21.9804294374565,0.0757921502215553,0,1
2151,"Erwan Vielledent",4.22342941559414,"19407",141,0,27.8687191608394,0,0,"FRA","Alps Golf Tour",58,0,24.0170651474473,0,0,1
2152,"Zack Saltman",4.22675679768489,"14719",45,0,2.83191645938402,0,0,"SCO","EuroPro Tour",7,0,2.08196228906004,0,0,1
2153,"Kenny Subregis",4.23449215165808,"18935",128,0,26.7795965263807,0,0,"FRA","ProGolf Tour",33,0,20.8939237616642,0,0,1
2154,"Darren Clarke",4.23535559871419,"3523",74,5.2018248720684,5.94817142002494,0.874525043874172,1,"NIR","European Tour",6,1.66993046093686,1.66993046093686,1,0,1
2155,"Roberto Galletti-Jr",4.23572654923878,"16580",46,0,3.00367549851425,0,0,"USA","Asian Development Tour",4,0,0.899238661226422,0,0,1
2156,"S. Sivachandran",4.23722362991701,"7794",59,0.0584186034489874,6.69351095618804,0.00872764739332808,0,"MAS","Asian Development Tour",14,0,4.14736551138152,0,0,1
2157,"Matt Bright",4.24454642061758,"24590",60,0,25.9075212570254,0,0,"RSA","Big Easy Tour",58,0,25.5214178392154,0,0,1
2158,"Matthew Carvell",4.24638505977657,"14399",123,0.840384364865338,15.3303295644972,0.0548184147855208,0,"RSA","Sunshine Tour",18,0,8.23111963292815,0,0,1
2159,"Mitchel Sarling",4.25006884988625,"23173",45,0,6.27887039232902,0,0,"ENG","EuroPro Tour",16,0,4.592716195972,0,0,1
2160,"Christopher Carstensen",4.25266283528211,"22970",83,0,18.1645421601637,0,0,"GER","ProGolf Tour",26,0,12.9107893303093,0,0,1
2161,"Austin Quick",4.25659421178265,"19474",72,0,7.17300610250375,0,0,"USA","PGA Tour Latinoamerica",6,0,2.97461455963311,0,0,1
2162,"Chun-kong Hung",4.26307389306615,"14283",60,0.0430792876427906,11.1529304680459,0.00386259806480604,0,"TPE","Asian Tour",28,0,8.70124189538466,0,0,1
2163,"Andrew Odoh",4.26362492788776,"9893",85,0,19.9989899029575,0,0,"NIG","Sunshine Tour",26,0,16.1114875698897,0,0,1
2164,"Kijoon Song",4.26564721639142,"12998",55,0,5.31540954623318,0,0,"KOR","Korean Golf Tour",8,0,1.81280024752083,0,0,1
2165,"Taylor R. Hancock",4.2671377472265,"21887",62,0,2.01605158314367,0,0,"USA","PGA Tour Canada",0,0,0,NA,0,NA
2166,"Henry Sheridan-Mills",4.26958718107499,"23174",52,0,6.83512132445725,0,0,"ENG","EuroPro Tour",19,0,4.8414889023052,0,0,1
2167,"Rafael Guerrero",4.27083588619494,"16788",53,0,2.74972611480841,0,0,"VEN","PGA Tour Latinoamerica",0,0,0,NA,0,NA
2168,"Greg Baumann",4.27566151309901,"14809",42,0,6.11257466606415,0,0,"SUI","ProGolf Tour",15,0,4.14282032062854,0,0,1
2169,"Todd Sinnott",4.28076423025395,"16918",143,1.91716654867399,17.2302598260569,0.111267419529838,0,"AUS","Asian Tour",26,0,10.2127019921836,0,0,1
2170,"Rory Bourke",4.28117921030314,"15845",94,1.48631319094189,13.7710678576129,0.107930133400674,0,"AUS","PGA Tour Australasia",24,1.02331219451955,9.21738512684514,0.111019793622294,0,1
2171,"Frederik Andersen",4.28180094308993,"22672",98,0,25.1382908544049,0,0,"DEN","Nordic Golf League",43,0,18.9675613399275,0,0,1
2172,"Claudio Consul(Am)",4.28423797235395,"21210",44,0,2.3708243195168,0,0,"GER","ProGolf Tour",2,0,0.42304682817397,0,0,1
2173,"Allan Versfeld",4.29133074672311,"15194",117,0,22.069719463392,0,0,"RSA","Sunshine Tour",36,0,17.070570039678,0,0,1
2174,"Jordan McColl",4.29645844302276,"19905",82,0,6.98975574810156,0,0,"SCO","EuroPro Tour",19,0,4.77942450547928,0,0,1
2175,"Cristiano Terragni",4.29797889371276,"10519",118,0.0894843094140283,28.0839175409027,0.00318631862110047,0,"ITA","PGA Tour China",57,0,25.4955777485323,0,0,1
2176,"Christopher Maclean",4.30111192188884,"24353",78,0,32.8281949107151,0,0,"SCO","ProGolf Tour",55,0,29.0859329073813,0,0,1
2177,"Benjamin Weilguni",4.30650030031812,"12436",63,0.0201169376495604,3.69467218657479,0.00544485048569632,0,"AUT","ProGolf Tour",5,0,1.14490695527282,0,0,1
2178,"Stuart J. Smith",4.30710337015022,"16123",154,0.280462741139843,26.2580140322653,0.010681034018613,0,"BOT","Sunshine Tour",54,0,20.7825808360343,0,0,1
2179,"Makoto Inoue",4.30715158496834,"6992",52,0,10.3214205161665,0,0,"JPN","Japan Golf Tour",15,0,8.16327057766024,0,0,1
2180,"Leo Mathard",4.30773182679816,"23692",46,0,23.0915666162295,0,0,"FRA","ProGolf Tour",37,0,22.5445556523932,0,0,1
2181,"Andrew Cheese",4.30921350253572,"19971",73,0,7.97880175276616,0,0,"ENG","EuroPro Tour",21,0,5.96278085749619,0,0,1
2182,"Gareth Evans",4.31024760549357,"15615",83,0,10.6879922672894,0,0,"ENG","EuroPro Tour",30,0,8.70673862572341,0,0,1
2183,"Martin Keskari",4.31219409872687,"14017",147,0,31.1152181863374,0,0,"GER","ProGolf Tour",48,0,25.2060124383348,0,0,1
2184,"Euiin Kim",4.31376802853808,"21510",42,0,16.4725170723397,0,0,"KOR","China Tour",28,0,14.3997844442061,0,0,1
2185,"Javier Gallegos",4.31700974977608,"17326",110,0,29.422517140274,0,0,"ESP","Alps Golf Tour",60,0,26.6539732186103,0,0,1
2186,"Aubrey Beckley",4.32254340232145,"23141",97,0.216454489061621,22.5660963419301,0.00959202184470984,0,"RSA","Sunshine Tour",36,0,16.9755235617231,0,0,1
2187,"Philip Mattsson(1994)",4.32537162342542,"20227",51,0,3.89938784292827,0,0,"SWE","Nordic Golf League",9,0,2.31676610886584,0,0,1
2188,"Neil Fenwick",4.32803933653279,"15491",55,0,2.32159318961586,0,0,"SCO","EuroPro Tour",4,0,1.04911149626168,0,0,1
2189,"Lorenzo Magini",4.33460430989387,"15081",57,0,4.51751919766282,0,0,"ITA","Alps Golf Tour",5,0,2.66717588558932,0,0,1
2190,"Peter Stojanovski",4.34091809113757,"18029",45,0.293527810071859,12.2353621605314,0.0239901202940044,0,"AUS","MENA Golf Tour",14,0,10.6987469754811,0,0,1
2191,"Jesper Hagborg Asp",4.34218032118233,"21802",60,0,18.2916681591982,0,0,"SWE","Nordic Golf League",39,0,15.1108546855892,0,0,1
2192,"Jaehun Jeong",4.34266664700729,"21515",77,0,6.78914698509324,0,0,"KOR","Korean Golf Tour",14,0,3.659891544514,0,0,1
2193,"Vikrant Chopra",4.34364845880741,"8282",41,0.387601226783589,19.3406749242872,0.0200407291007645,0,"IND","Asian Tour",26,0,17.7813882647727,0,0,1
2194,"Sydney Chung",4.34385809612852,"24470",69,0,25.7164891468986,0,0,"USA","Asian Development Tour",56,0,23.4011663741816,0,0,1
2195,"Oscar Hertzberg",4.34644836108333,"20191",48,0,2.61384718887634,0,0,"SWE","MENA Golf Tour",3,0,0.654196126042222,0,0,1
2196,"Alan Bihan",4.34739603132876,"12211",69,0,3.31294374634271,0,0,"FRA","Alps Golf Tour",5,0,1.23506486561446,0,0,1
2197,"Ryan Burgess",4.35618813602191,"21878",50,0,1.38009685426375,0,0,"USA","PGA Tour Canada",0,0,0,NA,0,NA
2198,"Alessandro Grammatica",4.3571953404314,"19526",118,0,25.4511409354766,0,0,"ITA","Alps Golf Tour",49,0,23.0648900939912,0,0,1
2199,"Jesse Schutte",4.3622002420793,"9659",42,0,14.5128784168326,0,0,"USA","Asian Development Tour",38,0,13.9770886028292,0,0,1
2200,"Keunchan Eom",4.36313850452915,"21924",56,0,3.56501440260169,0,0,"KOR","Korean Golf Tour",6,0,1.45292165467447,0,0,1
2201,"Keen Bernberg",4.36411004489922,"20165",62,0,19.7888300628495,0,0,"DEN","Nordic Golf League",35,0,15.3805479686495,0,0,1
2202,"Mike Bedford",4.36436271216404,"20133",111,0,12.2699672217106,0,0,"ENG","EuroPro Tour",33,0,9.43835169289418,0,0,1
2203,"Kasper Sorensen",4.36627848906132,"20253",56,0,2.42477030601739,0,0,"DEN","Nordic Golf League",0,0,0,NA,0,NA
2204,"Leo Lespinasse",4.36714325740904,"20130",114,0,13.527949222109,0,0,"FRA","Alps Golf Tour",27,0,9.55323971748751,0,0,1
2205,"Makgetha Mazibuko",4.36720643700428,"16823",183,3.1008452822905,39.4938226901406,0.0785146909332889,0,"RSA","Sunshine Tour",70,2.14254971113138,32.9659286637084,0.0649928516495905,0,1
2206,"Adiyandono Rinaldi",4.3709867638318,"14768",41,0,6.47915095825479,0,0,"INA","Asian Development Tour",10,0,4.18001421304886,0,0,1
2207,"Chanat Sakulpolphaisan",4.37337555587644,"13784",179,0,32.0514246990764,0,0,"THA","Asian Development Tour",60,0,25.2735504432622,0,0,1
2208,"Zhi Shang",4.37440682069137,"11589",107,2.07921981573205,32.8689030124936,0.0632579619387277,0,"CHN","PGA Tour China",55,0,27.688634666506,0,0,1
2209,"Jakob Hansson",4.37508268518461,"21866",55,0,5.67083169481605,0,0,"SWE","Nordic Golf League",15,0,3.97778183704045,0,0,1
2210,"Yongjin Shin",4.3762384153073,"5337",81,0,7.85191289267189,0,0,"KOR","Korean Golf Tour",16,0,4.59143509635753,0,0,1
2211,"Romain Bechu",4.37948460014372,"12658",80,0,18.9213056161691,0,0,"FRA","ProGolf Tour",22,0,14.7285299681603,0,0,1
2212,"Thomas Robson",4.37952783839884,"23171",65,0,11.8140455715505,0,0,"ENG","EuroPro Tour",33,0,9.94372674600453,0,0,1
2213,"Brian McElhinney",4.39131324562984,"9314",49,0,8.00545017164874,0,0,"IRL","EuroPro Tour",23,0,6.53234495549388,0,0,1
2214,"Hsieh Chi-Hsien",4.39180798295022,"13484",124,0,20.1259326583288,0,0,"TPE","Asian Tour",24,0,14.6964581773153,0,0,1
2215,"Martin Rominger",4.39818720591512,"9528",72,0,6.91389324133494,0,0,"SUI","Sunshine Tour",10,0,3.99560206694984,0,0,1
2216,"Alexandre Kaleka",4.40090723204698,"11358",56,0,1.49806917780363,0,0,"FRA","ProGolf Tour",0,0,0,NA,0,NA
2217,"Andrew Schonewille",4.4028549805404,"18181",78,0.209960854389772,17.9209315151687,0.0117159565177768,0,"AUS","PGA Tour Australasia",38,0,14.5147281018551,0,0,1
2218,"Robert Harrhy",4.40387981757849,"21773",63,0,16.5422065747693,0,0,"ENG","EuroPro Tour",29,0,14.5995168928143,0,0,1
2219,"Harry Konig",4.40963061391879,"23288",48,0,14.6951034908123,0,0,"ENG","EuroPro Tour",35,0,13.9012552682168,0,0,1
2220,"Jean-Pierre Verselin",4.42703668030713,"17610",76,0,3.56404781117847,0,0,"FRA","Alps Golf Tour",4,0,1.07955448190971,0,0,1
2221,"Fraser Wilkin",4.42821349120376,"16089",72,0,16.195989462432,0,0,"NZL","PGA Tour Australasia",18,0,11.718593804117,0,0,1
2222,"Daeho Kim",4.42992916938844,"17489",53,0,6.73877426936287,0,0,"KOR","Korean Golf Tour",15,0,4.08185566117297,0,0,1
2223,"Manu Gandas",4.43055613031464,"18058",48,0.321613338043153,21.6702586972677,0.0148412320561593,0,"IND","Asian Tour",32,0,19.887522590306,0,0,1
2224,"Nikolai Hogh",4.43147916559925,"19640",119,0,21.2531306162301,0,0,"DEN","Nordic Golf League",35,0,13.9584239333811,0,0,1
2225,"Ryoma Yamagata",4.43194835301434,"10432",55,0,22.7229220282712,0,0,"JPN","PGA Tour China",45,0,21.6229679473266,0,0,1
2226,"Ali Altuntas",4.4336057411935,"18051",51,2.25989109315258,8.38032714927588,0.26966621384797,0,"TUR","European Challenge Tour",16,1.81186185638696,6.31551372546907,0.286890652945638,0,1
2227,"Andrew Ledger",4.43748052566188,"17778",53,0,1.77123893330594,0,0,"CAN","PGA Tour Canada",0,0,0,NA,0,NA
2228,"Jake Kevorkian",4.43805044223547,"23470",46,0,8.06968617316901,0,0,"USA","PGA Tour Canada",24,0,6.75586566948869,0,0,1
2229,"Phanuvich Onchu",4.43813446956484,"19881",133,0,29.9306181923008,0,0,"THA","Asian Development Tour",59,0,25.4259639240203,0,0,1
2230,"Vetle Maroy",4.45199764738609,"15649",79,0,9.84410381878257,0,0,"NOR","Nordic Golf League",14,0,6.44956448309057,0,0,1
2231,"Wilson Choo",4.45202856179577,"14869",76,1.665944009858,23.12223809269,0.0720494271869245,0,"MAS","Asian Development Tour",42,1.665944009858,21.5191100029048,0.0774169568180618,0,1
2232,"Sean Lawrie",4.45267421271611,"21913",82,0,9.99051938190897,0,0,"SCO","EuroPro Tour",28,0,7.80828490889855,0,0,1
2233,"Stephen Grant(Apr1977)",4.4528896014524,"13061",75,0,6.79628324909014,0,0,"IRL","EuroPro Tour",18,0,4.98028229057928,0,0,1
2234,"Ben Amor",4.45999038011561,"23061",86,0,19.2468181464466,0,0,"ENG","MENA Golf Tour",29,0,15.3533687604196,0,0,1
2235,"Richard Prophet",4.46406160477357,"17726",44,0,7.13132369747245,0,0,"ENG","EuroPro Tour",22,0,5.81098588756763,0,0,1
2236,"Victor Tarnstrom",4.46843184005023,"14816",81,0,18.7554325408541,0,0,"SWE","Nordic Golf League",40,0,16.4106804346238,0,0,1
2237,"Morne Buys",4.47336879577693,"11859",48,0,1.86157862306475,0,0,"RSA","Sunshine Tour",0,0,0,NA,0,NA
2238,"Jacquin Hess",4.47521424223163,"17784",156,2.10239393193979,30.9520537493153,0.0679242143014921,0,"RSA","Sunshine Tour",47,1.08758868585349,23.7884311706042,0.0457192270500564,0,1
2239,"Jason Smith",4.47968800127435,"19350",109,0,31.778647171369,0,0,"RSA","Sunshine Tour",54,0,23.8026634530673,0,0,1
2240,"Bernhard Reiter",4.4807422178922,"13090",94,0.497977848068533,16.0010802727149,0.0311215142716137,0,"AUT","ProGolf Tour",32,0.477860910418972,12.7109986184572,0.0375942854501682,0,1
2241,"Digvijay Singh",4.4842757702676,"6684",55,1.84944382888087,26.2069192545708,0.0705708218091413,0,"IND","Asian Tour",38,1.7174680514,24.7173812095863,0.0694842239490123,0,1
2242,"Robin Askstrand",4.48441893728609,"11532",85,0,9.34742027062354,0,0,"SWE","Nordic Golf League",23,0,6.51216834770782,0,0,1
2243,"Steven Bowditch",4.48469977048722,"7053",102,5.43019115418229,5.46395425980163,0.993820756175113,1,"AUS","PGA Tour",8,2.10606121163168,2.10606121163168,1,0,1
2244,"Adam Andersson",4.48606092718975,"20525",117,0,21.0036804906832,0,0,"SWE","Nordic Golf League",46,0,17.2764502108195,0,0,1
2245,"Lawrence Ting",4.48673720692616,"19582",43,0,22.3071090567958,0,0,"TPE","China Tour",37,0,21.2470061362997,0,0,1
2246,"Kim Leun-kwang",4.49078967697744,"14870",101,3.31958140591226,27.7742570457186,0.119520079347144,0,"MAS","Asian Development Tour",47,3.31958140591226,23.8751438761882,0.139039221004361,0,1
2247,"James Kamte",4.49970510005953,"8271",116,2.71423341814246,20.3217239596695,0.133563147670401,0,"RSA","Sunshine Tour",28,2.07827321979744,14.8048391365679,0.140377967002972,0,1
2248,"Liang Ding Feng",4.50054467492036,"14326",52,0.240109544589939,3.4565229829474,0.0694656294127099,0,"CHN","China Tour - PGA Tour China Series",2,0,0.826818698027129,0,0,1
2249,"Martin Dive",4.50141372072786,"13641",102,0,18.738854463872,0,0,"AUS","Asian Development Tour",36,0,13.919656536951,0,0,1
2250,"Daniel J Loypur",4.50547596900642,"17065",60,0.0430792876427906,18.1223490558286,0.00237713596124203,0,"AUS","PGA Tour China",42,0,16.9210996648647,0,0,1
2251,"David Woodhead",4.50672706295976,"21792",56,0,2.48002349375931,0,0,"ENG","EuroPro Tour",2,0,0.539777240954857,0,0,1
2252,"Jason Roets",4.51027988676756,"13811",60,0,22.5873946315284,0,0,"RSA","Big Easy Tour",46,0,18.3965091803295,0,0,1
2253,"Hubert Tisserand",4.51437996295457,"19930",43,0,22.269996285446,0,0,"FRA","ProGolf Tour",30,0,21.7727393462177,0,0,1
2254,"Karim El Hali",4.51712794136393,"19311",123,0.386103417810022,31.5004264953535,0.0122570854038111,0,"MAR","ProGolf Tour",40,0,24.4523108133605,0,0,1
2255,"Fredrik Lindblom",4.52091388999993,"21609",78,0,11.8133325578765,0,0,"SWE","MENA Golf Tour",8,0,7.3646140514,0,0,1
2256,"Chun Liu",4.52590063615017,"18386",60,2.07921981573205,11.0866119592777,0.187543302080857,0,"CHN","China Tour - PGA Tour China Series",20,0,6.7397499479626,0,0,1
2257,"Erhard Lambrechts",4.52978464362632,"24576",55,0,24.8319568492496,0,0,"RSA","Sunshine Tour",47,0,23.287184937725,0,0,1
2258,"Sebastien Gandon",4.53028616683588,"20850",59,0,24.842484801918,0,0,"FRA","Alps Golf Tour",47,0,23.5214888744247,0,0,1
2259,"Hidetomo Sato",4.53315538595019,"7941",51,0,9.85086820897597,0,0,"JPN","PGA Tour China",23,0,7.94518742076713,0,0,1
2260,"Raffaele Benatti",4.53421564258483,"19810",125,0,28.0148004739534,0,0,"ITA","ProGolf Tour",35,0,22.7945352966912,0,0,1
2261,"Leonardo Motta",4.53690906205929,"13896",56,0,2.77918942040399,0,0,"ITA","Alps Golf Tour",4,0,1.11500849852448,0,0,1
2262,"Rowin Caron",4.53830296597605,"14983",75,0.0298902346480754,15.2734455250605,0.00195700666225128,0,"NED","Alps Golf Tour",28,0,8.33813052120409,0,0,1
2263,"Marc Dobias",4.54729707906316,"11349",129,0.739010876689502,22.0235874418627,0.0335554268186472,0,"SUI","Alps Golf Tour",43,0.710017349080869,17.1845480210968,0.0413171966006443,0,1
2264,"Somsak Kaopratum",4.55030376915887,"13683",105,0,21.061647789636,0,0,"THA","Asian Development Tour",38,0,16.7412020234919,0,0,1
2265,"Pontus Ellerstrom",4.55044310231437,"14714",78,0,3.31096169140856,0,0,"SWE","Nordic Golf League",0,0,0,NA,0,NA
2266,"Charl Coetzee",4.55074192424676,"9958",87,0.216454489061621,6.72698180113917,0.0321770588148411,0,"RSA","Sunshine Tour",7,0,2.78184961397267,0,0,1
2267,"Ruan Korb",4.55294639117199,"24575",54,1.05496102527789,20.5378384078653,0.0513667020027714,0,"RSA","Big Easy Tour",47,1.05496102527789,19.2096426505988,0.0549183055857108,0,1
2268,"Ray Beaufils",4.56084468586679,"12826",43,0,3.10755617715823,0,0,"AUS","China Tour - PGA Tour China Series",8,0,2.53115551372109,0,0,1
2269,"Dongkwan Kim",4.5625169471885,"19528",97,0,24.3679202406221,0,0,"KOR","Big Easy Tour",48,0,20.4570690650303,0,0,1
2270,"Woonchul Na",4.56729916699199,"19440",95,0,13.6969040234081,0,0,"NZL","Korean Golf Tour",27,0,10.3308878506961,0,0,1
2271,"Mathis Pansart",4.57718213034809,"20853",100,0,31.1154556920335,0,0,"FRA","ProGolf Tour",48,0,26.6694159045583,0,0,1
2272,"Jake Ayres",4.5808117029323,"20665",105,0,20.8174398753099,0,0,"ENG","Alps Golf Tour",45,0,17.9340683658478,0,0,1
2273,"Mathew Webb",4.58284468054454,"20557",58,0,11.6054573735608,0,0,"ENG","China Tour",12,0,6.90166354573055,0,0,1
2274,"Hayden Beard",4.58441404453651,"19397",50,0,18.3393567968449,0,0,"NZL","PGA Tour Australasia",28,0,16.2472120484022,0,0,1
2275,"M. Sasidaran",4.58492972864503,"6453",81,0.334598919945599,17.8354417495402,0.0187603382436112,0,"MAS","Asian Development Tour",35,0,15.3505897169103,0,0,1
2276,"Fredric Sundberg",4.58672051044539,"14783",75,0,4.91162409709304,0,0,"SWE","Nordic Golf League",9,0,2.55379071950498,0,0,1
2277,"Sebastian Bergagna",4.5921642714687,"17301",54,0,19.7727795381364,0,0,"ARG","Alps Golf Tour",40,0,18.0814071332863,0,0,1
2278,"Damon Stephenson",4.59530106867552,"23149",94,0.311964937901859,26.2110926619886,0.0119020195733492,0,"AUS","Sunshine Tour",41,0,20.7522405775005,0,0,1
2279,"Musiwalo Nethunzwi",4.59585745539129,"13730",103,1.83762815485121,20.4834418791881,0.0897128600598275,0,"RSA","Sunshine Tour",31,1.05496102527789,13.9182344976966,0.0757970434721792,0,1
2280,"Armando Villarreal",4.60601382176031,"17396",44,0.026461609823154,2.29079683584169,0.0115512687153819,0,"MEX","PGA Tour Latinoamerica",2,0,0.802014137086315,0,0,1
2281,"Omar Tejeira",4.6104471841583,"17174",45,0,4.67542694157706,0,0,"PAN","PGA Tour Latinoamerica",6,0,3.56867785649728,0,0,1
2282,"Ben Rawsthorne",4.61389778819381,"20023",48,0,1.81431163074769,0,0,"ENG","EuroPro Tour",0,0,0,NA,0,NA
2283,"Ruben van Uden",4.61565192815025,"20387",44,0.150185293738576,18.3172031678183,0.00819913893854923,0,"NED","Alps Golf Tour",34,0,17.0673945370742,0,0,1
2284,"Hosoo Lee",4.61710969212868,"15542",71,0,7.3188072191243,0,0,"KOR","China Tour - PGA Tour China Series",16,0,4.32560107062882,0,0,1
2285,"Louis  Campbell",4.61971435932853,"21616",70,0,12.9213719738313,0,0,"ENG","MENA Golf Tour",14,0,10.6060655337881,0,0,1
2286,"Jordan Loft",4.62016889448476,"23076",44,0,7.77404031873582,0,0,"ENG","EuroPro Tour",24,0,6.66493105393293,0,0,1
2287,"Ryan Lloyd",4.62859195611122,"20286",57,0,2.39186951089794,0,0,"GER","ProGolf Tour",2,0,0.573681837554317,0,0,1
2288,"Robbie Lupini",4.62952673999464,"12857",61,1.3070233432758,23.4638917355938,0.0557036044149955,0,"RSA","Sunshine Tour",47,1.05496102527789,22.2629092737515,0.0473864854007069,0,1
2289,"Jose Pablo Segurola Solana",4.63035074742423,"21325",42,0,8.3453522769853,0,0,"ESP","European Challenge Tour",20,0,5.55855418004159,0,0,1
2290,"Jonas Haglund",4.63035472179364,"18862",57,0,2.24699031819711,0,0,"FIN","Nordic Golf League",0,0,0,NA,0,NA
2291,"Simon Bryan",4.63063163752449,"21765",47,0,10.5436060126569,0,0,"IRL","EuroPro Tour",13,0,9.89895885205384,0,0,1
2292,"Jesper Gunder Larsen",4.63382290747865,"20214",118,0,16.4077657450729,0,0,"DEN","Nordic Golf League",33,0,11.347581440618,0,0,1
2293,"Seungyun Lee",4.63818811965545,"16302",82,0,15.4291748645044,0,0,"KOR","China Tour - PGA Tour China Series",40,0,14.5094181130186,0,0,1
2294,"Kevin Andre Wright",4.64461440693987,"20494",61,0,6.4949226371614,0,0,"NOR","Nordic Golf League",12,0,3.06157326914536,0,0,1
2295,"Daniel Owen",4.65591985632791,"17121",99,0,21.5894933189192,0,0,"ENG","MENA Golf Tour",37,0,19.6582701119036,0,0,1
2296,"Adam Eineving",4.66562913677109,"20392",45,0,5.06825409779029,0,0,"SWE","Nordic Golf League",7,0,3.55964718600824,0,0,1
2297,"Jaehoon Lee(1984)",4.67122340649207,"21521",42,0,1.81032175272205,0,0,"KOR","Korean Golf Tour",0,0,0,NA,0,NA
2298,"Max Brackley",4.67982340710655,"20318",49,0,7.11903946983215,0,0,"ENG","EuroPro Tour",24,0,6.58049988853938,0,0,1
2299,"Amaury Rosaye",4.68902992542528,"20698",96,0,7.46622823986969,0,0,"FRA","Alps Golf Tour",14,0,4.06706927390995,0,0,1
2300,"Abhishek Jha",4.69246607807496,"12667",59,0,19.4006462817335,0,0,"IND","MENA Golf Tour",24,0,16.6743542968536,0,0,1
2301,"Ryan O'Neill",4.69480987394469,"20440",56,0,7.90036813629038,0,0,"ENG","EuroPro Tour",15,0,6.53770994007956,0,0,1
2302,"Oliver Jacobsson(Apr1991)",4.70729997611977,"22700",45,0,10.4317333920355,0,0,"SWE","Nordic Golf League",30,0,9.7094238267961,0,0,1
2303,"David Morago",4.71579698223066,"20689",52,0,1.2269624283713,0,0,"ESP","Alps Golf Tour",0,0,0,NA,0,NA
2304,"Julien Rodallec",4.72227348338441,"18934",59,0,1.77170788295749,0,0,"FRA","Alps Golf Tour",0,0,0,NA,0,NA
2305,"Paul Shields",4.72727153321477,"18682",91,0.505140920545935,8.52577294577144,0.0592486949580884,0,"SCO","European Challenge Tour",23,0.477860910418972,6.33346058595868,0.0754502067129607,0,1
2306,"Max Penney",4.72948535292841,"22199",66,0,6.29031440313803,0,0,"ENG","EuroPro Tour",13,0,3.83526634844498,0,0,1
2307,"Jose Rolz",4.73169280634798,"18273",55,0,11.350271870148,0,0,"GUA","Asian Development Tour",14,0,10.6060655337881,0,0,1
2308,"Wesley McClain",4.73677404204206,"21318",55,0.914905975827225,4.12653331799432,0.221712974384007,0,"USA","PGA Tour Latinoamerica",10,0.648013664037684,2.64434931546773,0.245055999314169,0,1
2309,"Nils Bjorling",4.73902456020789,"10495",43,0,1.11437722719205,0,0,"SWE","Nordic Golf League",0,0,0,NA,0,NA
2310,"Shaun Jones",4.73944716217738,"19437",93,0,22.6209105448737,0,0,"NZL","Alps Golf Tour",43,0,19.0152955090744,0,0,1
2311,"Blane Breheny",4.74245644717444,"19968",56,0,1.81628291228713,0,0,"ENG","EuroPro Tour",0,0,0,NA,0,NA
2312,"Hampus Larsson",4.74495862272564,"20408",50,0,4.37119509148167,0,0,"SWE","Nordic Golf League",12,0,3.38629863501599,0,0,1
2313,"Arjun Prasad",4.75078412606964,"21392",70,0,18.8704856405196,0,0,"IND","Asian Tour",24,0,15.3943946321784,0,0,1
2314,"Dylan Mostert",4.75391615828248,"24635",55,0,21.7672152508023,0,0,"RSA","Big Easy Tour",52,0,21.1880601240873,0,0,1
2315,"William Nygard",4.75508966911526,"20418",77,0,15.7575758489627,0,0,"SWE","Nordic Golf League",29,0,14.1138057104239,0,0,1
2316,"Liu Yu-jui",4.76215920771536,"17880",56,0,3.39131247148324,0,0,"TPE","China Tour - PGA Tour China Series",6,0,2.22798151409772,0,0,1
2317,"Leonardo Sbarigia",4.76720063206056,"20299",110,0,23.5830655906692,0,0,"ITA","Alps Golf Tour",46,0,20.7760469641336,0,0,1
2318,"Soren Schulze Pettersson",4.76935412511862,"20242",88,0,23.8749511677538,0,0,"DEN","Nordic Golf League",47,0,19.3055563125565,0,0,1
2319,"Rohan Blizard",4.77341291260473,"11838",56,0.0861585752855812,1.43082231362307,0.0602161249969703,0,"AUS","China Tour - PGA Tour China Series",0,0,0,NA,0,NA
2320,"Worrasorn Suwanpanang",4.77354650082136,"18597",57,0,20.0940986576412,0,0,"THA","Asian Development Tour",34,0,18.8774381379591,0,0,1
2321,"Christian Baech Christensen",4.77837091498443,"19638",96,0.165193784372642,19.6471467800523,0.00840802922795702,0,"DEN","Nordic Golf League",26,0,13.0898693660887,0,0,1
2322,"Julian Lerda",4.7800001515505,"17014",46,0,4.83021922585994,0,0,"ARG","PGA Tour Latinoamerica",10,0,3.48724264036422,0,0,1
2323,"Chao Haimeng",4.7802147443334,"15404",123,2.55893448948677,33.8692826252261,0.0755532533063118,0,"CHN","PGA Tour China",60,0,28.3035818287412,0,0,1
2324,"Puk Pradittan",4.7807564483682,"15485",111,0,19.9809856492081,0,0,"THA","Asian Development Tour",37,0,16.3968511170597,0,0,1
2325,"Brian Bullington",4.78267236532837,"21312",53,0.582932992250841,3.82267675225088,0.152493404499242,0,"USA","PGA Tour Latinoamerica",8,0.556471382427687,1.86648263955766,0.298139061480672,0,1
2326,"Tang Rongjian",4.78815207691964,"18352",81,0.5698729635621,4.93280757790222,0.115527101870949,0,"CHN","China Tour - PGA Tour China Series",2,0,0.436130750694815,0,0,1
2327,"Rocco Sanjust",4.79374217209283,"21634",101,0,19.3625090003897,0,0,"ITA","MENA Golf Tour",37,0,17.2550809609609,0,0,1
2328,"Chanachok Dejpiratanamongkol",4.79548471281058,"14933",122,0,28.9838324111038,0,0,"THA","Asian Tour",56,0,24.5791418104721,0,0,1
2329,"Mikko Lehtovuori",4.79709880272067,"20082",64,0,13.2998401380006,0,0,"FIN","Nordic Golf League",23,0,9.28255758546827,0,0,1
2330,"Jamie Dick",4.79941150823106,"19979",78,0,8.96799045523864,0,0,"ENG","EuroPro Tour",26,0,7.11434195101626,0,0,1
2331,"Jason Kelly",4.80218749852981,"9878",44,0,1.13002046591361,0,0,"NOR","Alps Golf Tour",0,0,0,NA,0,NA
2332,"Zhuang Zhu",4.8029165285224,"20996",66,2.08166991312583,20.7571222054731,0.100287019198497,0,"CHN","PGA Tour China",34,0,16.7817536144727,0,0,1
2333,"Wu Tuxuan",4.82045848739084,"14954",86,2.47726457636094,30.7629967215233,0.0805274141133243,0,"CHN","PGA Tour China",52,0,24.7234300149079,0,0,1
2334,"Jeppe Kristian Andersen",4.82764314241272,"20158",93,0,20.0748443878506,0,0,"DEN","Nordic Golf League",32,0,14.0416111171608,0,0,1
2335,"Theunis Bezuidenhout(Am)",4.82918608701494,"22909",68,1.13930625545712,29.9908554465721,0.0379884547637118,0,"RSA","Sunshine Tour",60,1.08758868585349,28.7804693832538,0.0377891225945855,0,1
2336,"Victor Flatau",4.83011418871541,"12581",78,0,9.57816409986257,0,0,"SWE","Nordic Golf League",24,0,6.91209189352751,0,0,1
2337,"Max Eichmeier",4.8318071069518,"20182",51,0,1.98339480818776,0,0,"GER","ProGolf Tour",2,0,0.42304682817397,0,0,1
2338,"Samarth Dwivedi",4.83489972802579,"19417",115,1.02331219451955,37.7550227527968,0.0271040015316571,0,"IND","Asian Development Tour",69,1.02331219451955,34.147254323238,0.0299676274066687,0,1
2339,"Yann Pfeiffer",4.83809150529215,"22053",69,0,28.5220684583132,0,0,"SUI","ProGolf Tour",46,0,25.5228005352905,0,0,1
2340,"Michael Kraaij",4.83877880489697,"12501",71,0.180075528386651,2.15136046164272,0.0837030946683621,0,"NED","ProGolf Tour",0,0,0,NA,0,NA
2341,"Daniel Osorio",4.84124039644646,"8827",70,0,5.0318768451385,0,0,"ESP","Alps Golf Tour",11,0,2.75650375933698,0,0,1
2342,"Teboho Sefatsa",4.84397382444558,"8439",126,0.105167292158666,33.0687826959816,0.00318025895073077,0,"RSA","Sunshine Tour",63,0,29.7409750786551,0,0,1
2343,"Felix Aberg",4.84450088345632,"22990",46,0,6.96191422848379,0,0,"SWE","ProGolf Tour",12,0,3.35868616047077,0,0,1
2344,"Drikus Van der Walt",4.84550285476897,"15843",45,0.0620880045158757,2.66898732594191,0.0232627573433547,0,"RSA","Sunshine Tour",5,0,1.25656860658332,0,0,1
2345,"Ahmed Marjane",4.84610293124731,"15970",162,4.72188955391339,29.0255929991354,0.162680209636166,0,"MAR","ProGolf Tour",34,3.24567255492121,21.1090951835329,0.153757066643631,0,1
2346,"Gregory Wiggins",4.85418052104914,"22352",47,0,25.7470858021856,0,0,"GER","ProGolf Tour",43,0,25.5924488187641,0,0,1
2347,"Fraser Moore",4.85773543284761,"21782",81,0,21.6857575515045,0,0,"SCO","EuroPro Tour",30,0,20.0146941794985,0,0,1
2348,"Bennie van der Merwe",4.85819072717655,"11974",63,0,26.6747531607255,0,0,"RSA","Sunshine Tour",46,0,24.4031076317597,0,0,1
2349,"Rizal Amin",4.8600084020168,"15064",95,0,22.8230329494879,0,0,"MAS","Asian Development Tour",43,0,20.293819102724,0,0,1
2350,"Jordan Irawan",4.86391769730742,"15591",68,0,17.9348574563491,0,0,"INA","Asian Development Tour",39,0,16.3423051395023,0,0,1
2351,"Ryan Tipping",4.86738005694543,"8425",153,0.486326187319907,30.7583111400543,0.015811212296588,0,"RSA","Sunshine Tour",53,0,24.5031322218267,0,0,1
2352,"Paul Elissalde",4.87220020831951,"20848",96,0,20.6448123188967,0,0,"FRA","Alps Golf Tour",38,0,17.7572039040454,0,0,1
2353,"Jamie Bower",4.87405405611295,"22498",51,0,7.11545232809156,0,0,"ENG","EuroPro Tour",21,0,5.57069653634892,0,0,1
2354,"Sean Bradley",4.87465543757601,"22874",82,0,19.9611965009055,0,0,"RSA","Sunshine Tour",30,0,15.456169073512,0,0,1
2355,"Andrea Gurini",4.8752764966281,"15723",47,0,1.8589115405375,0,0,"SUI","ProGolf Tour",2,0,0.463525083106403,0,0,1
2356,"Petr Valasek",4.87644220222502,"18727",89,0.836644676755779,18.730882016512,0.0446665926366011,0,"SVK","European Challenge Tour",33,0.66805532375019,13.2028582163671,0.0505992954557388,0,1
2357,"Conway Kunneke",4.87784031800008,"21444",53,1.05496102527789,16.0577160907587,0.0656980743285791,0,"RSA","Big Easy Tour",41,1.05496102527789,15.2692547764924,0.0690905378631865,0,1
2358,"Kurt Barnes",4.88513356711913,"7701",112,0.0861585752855812,6.00778232982841,0.014341161273072,0,"AUS","Japan Golf Tour",2,0,1.47484825378986,0,0,1
2359,"Patrick Dam Schou(Am)",4.88557512969483,"20179",54,0,18.5095059224062,0,0,"DEN","ProGolf Tour",33,0,14.4109970190317,0,0,1
2360,"Hayden Griffiths",4.88957632810522,"24624",48,0,21.690980127814,0,0,"RSA","Big Easy Tour",45,0,21.1118250010989,0,0,1
2361,"Takanari Iwama",4.89187814486825,"21390",54,0,22.4036253632062,0,0,"JPN","Asian Development Tour",41,0,20.6871661176487,0,0,1
2362,"Thanda Mavundla",4.89453434793017,"19426",83,0.278542493577496,12.3060037211198,0.0226346830286957,0,"RSA","Sunshine Tour",12,0,9.53356144202307,0,0,1
2363,"Huang Tao",4.8952345217706,"11737",85,0,10.5814044893731,0,0,"TPE","China Tour - PGA Tour China Series",24,0,7.43055816760268,0,0,1
2364,"Robert Jonasson",4.89902439712511,"20477",101,0,22.4446944864396,0,0,"SWE","Nordic Golf League",47,0,19.7465501967078,0,0,1
2365,"Jason Froneman",4.90032957335204,"21195",129,0.259533776704411,16.9486714777558,0.0153129274495075,0,"RSA","Sunshine Tour",14,0,10.1072100432922,0,0,1
2366,"James Bowen",4.90461980131332,"17090",103,0,12.5592520386394,0,0,"USA","Asian Development Tour",13,0,7.54835312112676,0,0,1
2367,"Maximilian Querling",4.90885271246916,"20381",41,0,1.51899211657467,0,0,"GER","ProGolf Tour",0,0,0,NA,0,NA
2368,"Toshimitsu Izawa",4.90974116927143,"814",44,0,3.28358849915383,0,0,"JPN","Japan Golf Tour",2,0,0.507876406014425,0,0,1
2369,"Michiel Bothma",4.90981309917887,"2054",47,1.3070233432758,15.8561772829199,0.0824299148498872,0,"RSA","Sunshine Tour",29,1.05496102527789,13.9185241631765,0.0757954660213861,0,1
2370,"Albert Venter",4.91032064962721,"21202",73,0.0658027723727303,28.0886983573131,0.00234267788188904,0,"RSA","Alps Golf Tour",62,0,24.4267617851037,0,0,1
2371,"Daniel Kay",4.92637071632575,"19315",86,0,10.6447914000365,0,0,"SCO","MENA Golf Tour",11,0,7.49462203033219,0,0,1
2372,"Davey Porsius",4.92690094624494,"24417",54,0.731976648536978,23.0832840941739,0.031710247361281,0,"NED","Alps Golf Tour",46,0.731976648536978,21.8145630791432,0.0335544950353288,0,1
2373,"Sam Kiloh",4.93236326544827,"20004",111,0,15.0844137211775,0,0,"SCO","ProGolf Tour",33,0,11.9699029326831,0,0,1
2374,"Michele Ortolani",4.9342150820545,"20845",136,0.512531137587999,23.4404417891801,0.0218652507575424,0,"ITA","Alps Golf Tour",41,0.42304682817397,19.462065906951,0.0217369949416766,0,1
2375,"Bryn Flanagan",4.93433123858158,"19525",46,0.0620880045158757,1.1281971681016,0.0550329377446943,0,"RSA","Sunshine Tour",0,0,0,NA,0,NA
2376,"Georg Schultes",4.93675061552437,"13963",47,0.591424574798265,9.28540922773549,0.0636939697855945,0,"GER","MENA Golf Tour",13,0.591424574798265,7.79822417533696,0.0758409301272375,0,1
2377,"Jia Zhang",4.93691788002305,"18393",51,2,16.6260842551135,0.120292906574492,0,"CHN","China Tour - PGA Tour China Series",20,0,13.5219787510307,0,0,1
2378,"Ruan Huysamen",4.94618314315377,"17549",62,0,12.2565614320247,0,0,"NAM","Sunshine Tour",12,0,9.55986491259742,0,0,1
2379,"Li Jianshan",4.94669591803077,"19260",58,2,20.9915193016077,0.0952765719938538,0,"CHN","China Tour",34,0,18.0235949260282,0,0,1
2380,"Marc Ong",4.95064744430297,"16105",67,1.02331219451955,27.7384634309241,0.0368914520830565,0,"SGP","Asian Development Tour",54,1.02331219451955,25.4848959364586,0.0401536736532483,0,1
2381,"Allister de Kock",4.95946618390348,"16037",128,2.24771700329005,33.3005714507598,0.0674978507985564,0,"RSA","Sunshine Tour",64,2.14254971113138,30.0219636003834,0.071366075172512,0,1
2382,"Minseok Kang(Feb1991)",4.96281574380388,"19572",68,0,4.18608557158339,0,0,"KOR","Korean Golf Tour",4,0,1.75750600069535,0,0,1
2383,"Johannes Steiner",4.9634809632821,"11503",94,0.477860910418972,12.3030522639181,0.0388408421071592,0,"AUT","ProGolf Tour",26,0.477860910418972,6.7440931054082,0.0708562149054211,0,1
2384,"Chen Yilong(Am)",4.96459876573886,"21509",43,2.08166991312583,13.7722946962935,0.151149097447506,0,"CHN","PGA Tour China",17,0,10.0479695534488,0,0,1
2385,"Bernard Geelkerken",4.96490466201353,"23240",46,0,22.3074536900283,0,0,"NED","ProGolf Tour",35,0,21.7117230583504,0,0,1
2386,"David Carey",4.96807956752939,"20668",118,0,22.5655431813693,0,0,"IRL","Alps Golf Tour",42,0,18.6996780030688,0,0,1
2387,"Leonardo Lilja",4.96951204932878,"20686",62,0,9.36018979591757,0,0,"ESP","MENA Golf Tour",12,0,6.65918245771738,0,0,1
2388,"Miguel Cabrera-Bello",4.97344074647535,"18588",49,0,3.51258763852632,0,0,"ESP","Alps Golf Tour",5,0,1.37448431459639,0,0,1
2389,"HP Bacher",4.9742071800441,"12311",81,0.0201169376495604,13.6080152800517,0.00147831533368795,0,"AUT","Alps Golf Tour",33,0,11.1041867399769,0,0,1
2390,"Jake Stirling",4.97484965833801,"17677",45,0,0.645429753323879,0,0,"AUS","China Tour - PGA Tour China Series",0,0,0,NA,0,NA
2391,"Baptiste Courtachon",4.98183426217203,"20669",88,0,27.7683539090554,0,0,"FRA","Alps Golf Tour",43,0,25.5592332602573,0,0,1
2392,"Jules Coupade",4.98536398132541,"22114",117,0,29.2323408965551,0,0,"FRA","ProGolf Tour",47,0,24.3389757220208,0,0,1
2393,"Jason Viljoen",4.99342212803521,"21206",149,0.216454489061621,31.1732842427346,0.00694358949721728,0,"RSA","Sunshine Tour",47,0,22.3262504479772,0,0,1
2394,"Matthew Guyatt",5.00051504646483,"11833",76,1.48425602404923,9.51367299466178,0.156012932637275,0,"AUS","PGA Tour Australasia",12,1.02331219451955,6.79331886582895,0.150635089376845,0,1
2395,"Zhang Zihong(Am)",5.0014270389956,"19110",82,2.08166991312583,29.2209322569314,0.0712389972647789,0,"CHN","PGA Tour China",50,0,25.6277014186447,0,0,1
2396,"Cameron Moralee",5.00219073405478,"21199",47,2.14254971113138,21.5693247703849,0.099333184229909,0,"RSA","Big Easy Tour",44,2.14254971113138,20.9901696436699,0.102073958786585,0,1
2397,"Li Xinyang",5.0079065040992,"15870",76,0.558934489486772,8.79038316931597,0.0635847697103591,0,"CHN","China Tour - PGA Tour China Series",10,0,4.77916524320971,0,0,1
2398,"Mariano Ochoa",5.00896969765913,"21629",47,0,1.0204943867352,0,0,"ESP","MENA Golf Tour",0,0,0,NA,0,NA
2399,"Martin Ulseth",5.01291481909654,"22106",106,0.137070062592267,24.319534465099,0.00563621243609646,0,"NOR","Nordic Golf League",41,0,17.2741155797503,0,0,1
2400,"Martin Prihoda",5.03336023907407,"14884",61,0,7.68209160769766,0,0,"CZE","ProGolf Tour",11,0,3.01180535126959,0,0,1
2401,"Mitchell Brown",5.04380947166266,"8385",52,0.253040142032563,3.04720764973462,0.0830400061691232,0,"AUS","PGA Tour Australasia",2,0,0.826818698027129,0,0,1
2402,"Bernard Neumayer",5.04464127506692,"14678",102,0.497977848068533,26.5533050356547,0.0187538932498184,0,"AUT","Alps Golf Tour",43,0.477860910418972,22.9252648469762,0.0208442918155426,0,1
2403,"Omar Sandys",5.04733033555661,"2371",108,1.68317957354178,16.0862745810949,0.10463451715041,0,"RSA","Sunshine Tour",23,1.08758868585349,10.0548402006708,0.108165685793886,0,1
2404,"Victor Almstrom",5.04773596947595,"14675",46,0,1.27411400469311,0,0,"SWE","Nordic Golf League",0,0,0,NA,0,NA
2405,"Anton Hansson",5.04851890217809,"20396",41,0,1.72752405347093,0,0,"SWE","Nordic Golf League",2,0,0.436130750694815,0,0,1
2406,"Paul Dwyer",5.05171037113082,"2632",95,0,14.376253509073,0,0,"ENG","EuroPro Tour",16,0,11.4084324214991,0,0,1
2407,"Fan Shiyu",5.05518914144823,"19497",106,2.47971467375472,31.7332118187587,0.0781425683576368,0,"CHN","PGA Tour China",56,0,26.2461127644127,0,0,1
2408,"Connor Fletcher",5.05941955454065,"19984",43,0,1.4122559136741,0,0,"ENG","EuroPro Tour",0,0,0,NA,0,NA
2409,"Michael Harradine(Am)",5.0627112720266,"17069",41,0,2.06478762693345,0,0,"SUI","MENA Golf Tour",0,0,0,NA,0,NA
2410,"Marcus Lindstrom(1992)",5.06347363578715,"20221",97,0,13.1819196536798,0,0,"SWE","Nordic Golf League",35,0,10.8868141983356,0,0,1
2411,"Carlo Casalegno",5.06398028997108,"22176",75,0,25.5156661691887,0,0,"ITA","Alps Golf Tour",46,0,23.5591210349527,0,0,1
2412,"Patrick Winther",5.06430252280704,"20127",75,0,8.95107622217695,0,0,"DEN","Nordic Golf League",16,0,7.07266569511068,0,0,1
2413,"Sangyoon Kang",5.07013716463708,"18313",49,0,2.88973517871571,0,0,"KOR","Korean Golf Tour",4,0,1.00330232406126,0,0,1
2414,"George Woolgar",5.07024782727925,"14067",43,0,2.56688499303645,0,0,"ENG","EuroPro Tour",2,0,0.754615101584514,0,0,1
2415,"Alexander Culverwell",5.0740464027618,"17791",114,0,12.5963759877104,0,0,"SCO","ProGolf Tour",23,0,6.55033406202515,0,0,1
2416,"Corrado de Stefani",5.07480254748769,"16386",89,0,6.01743888832703,0,0,"ITA","Alps Golf Tour",13,0,3.58870298410909,0,0,1
2417,"Lindsay Wilson",5.07789513566651,"17055",45,0.209960854389772,2.01655395089449,0.10411863976991,0,"AUS","PGA Tour Australasia",0,0,0,NA,0,NA
2418,"Pitipat Pitimana-Aree",5.08049085987109,"22928",42,0,7.04294891806906,0,0,"THA","Asian Development Tour",8,0,4.34215612496311,0,0,1
2419,"Michael Saunders",5.09426138154091,"21784",62,0,8.30024733105156,0,0,"ENG","EuroPro Tour",22,0,6.98309031840453,0,0,1
2420,"Max Griesbeck",5.10459690177504,"21700",135,0,27.0398887923906,0,0,"GER","ProGolf Tour",40,0,21.00123803709,0,0,1
2421,"Airil Rizman Zahari",5.10744590847113,"6452",104,0.334598919945599,25.1914134548961,0.0132822606617402,0,"MAS","Asian Development Tour",48,0,21.6022348622732,0,0,1
2422,"Atthaphon Sriboonkaew",5.11649005676014,"7124",110,0,19.339844298732,0,0,"THA","Asian Development Tour",23,0,14.9051916112047,0,0,1
2423,"Tommy O'Driscoll",5.11694015588791,"20898",48,0,4.17390397085402,0,0,"IRL","Alps Golf Tour",12,0,3.15025695184323,0,0,1
2424,"Ben Robinson",5.12201778096052,"18914",96,0,11.3689652321395,0,0,"ENG","EuroPro Tour",31,0,8.92088196620717,0,0,1
2425,"Anthony Murdaca",5.12307305356157,"15167",96,1.02331219451955,15.2219938213048,0.0672258973779978,0,"AUS","PGA Tour Australasia",23,1.02331219451955,10.168321320737,0.100637279472339,0,1
2426,"Lasse Gerhardsen",5.13136703678432,"20468",52,0,2.38364106362685,0,0,"NOR","Nordic Golf League",2,0,0.609716056493057,0,0,1
2427,"Clarke Lutton",5.1351422760011,"17182",55,0.357572053749955,2.12888971487479,0.167961755487642,0,"SCO","MENA Golf Tour",0,0,0,NA,0,NA
2428,"Kemarol Baharin",5.14236586063454,"14868",77,2.0005429298036,15.1151300032626,0.132353670088962,0,"MAS","Asian Development Tour",24,1.665944009858,11.8790208922651,0.140242535556341,0,1
2429,"Gert Myburgh",5.14367519689705,"16898",107,0.0620880045158757,6.75042414930163,0.00919764493943674,0,"RSA","Sunshine Tour",7,0,1.64826446024372,0,0,1
2430,"Lien Lu-Sen",5.14945962185123,"11582",51,2.28069229344027,6.74718234907114,0.338021439979942,0,"TPE","Asian Tour",6,0,2.22798151409772,0,0,1
2431,"Chen Chanping",5.15365421000566,"19063",98,2.47726457636094,20.7029318889237,0.119657669244727,0,"CHN","China Tour - PGA Tour China Series",28,0,13.4265615669667,0,0,1
2432,"Petter Mikalsen",5.15393977403371,"16422",68,0,15.6399063882658,0,0,"NOR","Nordic Golf League",28,0,10.0713671589651,0,0,1
2433,"Filip Brattse",5.16127125910039,"20169",68,0,8.05642040913076,0,0,"SWE","Nordic Golf League",20,0,5.96282032386596,0,0,1
2434,"Andrew Jones(Aug1981)",5.1615904243374,"21301",45,0,2.68208579976153,0,0,"ENG","Alps Golf Tour",9,0,2.12996549488957,0,0,1
2435,"Aaron Leitmannstetter",5.16419511431327,"20374",115,0.66805532375019,22.1106685865561,0.0302141620519058,0,"GER","MENA Golf Tour",31,0.66805532375019,15.7360156585872,0.0424539056292582,0,1
2436,"Alastair Kinnaird",5.16538082874685,"20005",68,0,10.411596424901,0,0,"ENG","EuroPro Tour",18,0,8.64242952215246,0,0,1
2437,"Arthur Gabella",5.16608200740933,"14811",68,0,4.62995921968735,0,0,"SUI","Alps Golf Tour",4,0,0.872666158787181,0,0,1
2438,"Ty Capps",5.16903561767729,"15835",50,0,3.0066849345044,0,0,"USA","PGA Tour Latinoamerica",0,0,0,NA,0,NA
2439,"Kevin Turlan",5.17114999789143,"20309",117,0,32.3267806513523,0,0,"FRA","ProGolf Tour",49,0,27.6335294617585,0,0,1
2440,"Nicholas Garland",5.17118801931972,"19988",63,0,3.95534623091399,0,0,"ENG","EuroPro Tour",6,0,2.01234482211525,0,0,1
2441,"Eric Nel",5.17393868306337,"24638",46,0,19.9764293791911,0,0,"RSA","Big Easy Tour",40,0,16.397274252476,0,0,1
2442,"Hendrikus Stoop",5.17598347438764,"19352",47,0,20.3170934905544,0,0,"RSA","Big Easy Tour",44,0,19.7379383638394,0,0,1
2443,"Petr Gal-jr",5.20222629811747,"14882",68,2.21934019569046,6.58901103854259,0.336824476800597,0,"CZE","European Challenge Tour",16,1.56896306234313,4.3531203269485,0.3604226266456,0,1
2444,"Matt Mumford",5.20242125714566,"22143",46,0,4.95779723650269,0,0,"ENG","EuroPro Tour",14,0,3.96638874333995,0,0,1
2445,"Brian Jung",5.20936476500724,"22308",97,0,22.6674953712554,0,0,"CAN","Asian Development Tour",43,0,19.5307341899278,0,0,1
2446,"Joshua Shou",5.21487808692662,"14999",68,0.203662028758079,22.7424295271983,0.0089551570782934,0,"SGP","PGA Tour China",48,0,19.6999488149078,0,0,1
2447,"Clement Rameaux",5.23179132328217,"17124",101,0,12.0304493330802,0,0,"FRA","ProGolf Tour",23,0,6.57150784264964,0,0,1
2448,"Quintin Wilsnach",5.23967077749118,"23152",46,0,10.7837532349094,0,0,"RSA","Sunshine Tour",9,0,4.83281700263849,0,0,1
2449,"Kevin Bengtsson",5.24117175000807,"21332",50,0,16.301034118624,0,0,"SWE","Nordic Golf League",26,0,11.0263100751166,0,0,1
2450,"Louis Capon",5.24381187166724,"21278",115,0,32.0829232227131,0,0,"FRA","ProGolf Tour",49,0,27.2725324699832,0,0,1
2451,"Lorenzo Scotto",5.24491947366377,"15571",41,0,4.74362672919721,0,0,"ITA","Alps Golf Tour",8,0,3.90085951457417,0,0,1
2452,"Simon Fernoux",5.24694354770193,"15335",54,0,1.43600119781018,0,0,"FRA","Alps Golf Tour",0,0,0,NA,0,NA
2453,"Ahmed Reda Rhazali",5.25575748595589,"14458",76,0,24.6892505588884,0,0,"MAR","ProGolf Tour",35,0,21.8696660361427,0,0,1
2454,"Armando Zarlenga",5.27577566038038,"12818",41,0,3.86915079489733,0,0,"ARG","PGA Tour Latinoamerica",4,0,1.76076810853587,0,0,1
2455,"Sam Whitehead",5.28777654718209,"20521",64,0,9.11296495356996,0,0,"ENG","EuroPro Tour",26,0,7.30467011564978,0,0,1
2456,"Yuan Tian",5.28969702174531,"11587",81,2.24010954458994,23.0068297087216,0.0973671545776141,0,"CHN","China Tour - PGA Tour China Series",25,0,18.9685748751772,0,0,1
2457,"Thomas Baik",5.29244244200234,"18112",142,0,28.3012212614494,0,0,"ARG","PGA Tour Latinoamerica",48,0,20.8296224831249,0,0,1
2458,"Andri Bjornsson",5.29697399180949,"22991",81,0,17.5622229720263,0,0,"ISL","Nordic Golf League",24,0,11.5332681605867,0,0,1
2459,"Stefan Engell Andersen",5.30121122811424,"13842",120,0.31988962826888,11.8303514048245,0.027039740183747,0,"KEN","Sunshine Tour",16,0,5.63118893070275,0,0,1
2460,"Franklin Manchest",5.30535566414802,"24593",49,1.05496102527789,23.9352178589257,0.0440756809274031,0,"RSA","Sunshine Tour",43,1.05496102527789,22.7649662626768,0.0463414271343552,0,1
2461,"Gareth Blease",5.30718833300198,"23666",59,0,27.6895091105653,0,0,"WAL","ProGolf Tour",45,0,25.8750048804652,0,0,1
2462,"Irfan Yusof",5.30927108424873,"17132",87,0,21.1381105495966,0,0,"MAS","Asian Development Tour",35,0,18.3280427052746,0,0,1
2463,"Patrick Kopp",5.31420015307147,"20152",115,0,13.0519865895375,0,0,"GER","ProGolf Tour",21,0,7.57280962774752,0,0,1
2464,"Lloyd Saltman",5.32016088370192,"10290",57,0,8.85765413433556,0,0,"SCO","EuroPro Tour",28,0,7.96805279628146,0,0,1
2465,"Reeve Whitson",5.32456430732361,"17314",75,0,3.99285614234565,0,0,"NIR","EuroPro Tour",6,0,1.63010282213382,0,0,1
2466,"Johannes Axell",5.32591299323805,"22531",42,0,15.4103874672483,0,0,"SWE","Nordic Golf League",28,0,11.2091571855529,0,0,1
2467,"Brandon Lau",5.32983675570392,"21024",88,0,24.3313713544536,0,0,"MAS","Asian Development Tour",42,0,21.3914559792111,0,0,1
2468,"Markus Sayra",5.33064721269184,"20625",70,0,11.7162663546717,0,0,"SWE","Nordic Golf League",25,0,7.71963065254978,0,0,1
2469,"Lukas Crisp",5.3457958881175,"20806",84,0,7.28441427445509,0,0,"SWE","Nordic Golf League",13,0,3.67422209098095,0,0,1
2470,"Neil Cheetham",5.35502667852103,"6521",48,0,15.7438711874828,0,0,"ENG","Big Easy Tour",35,0,13.1357224132365,0,0,1
2471,"Pierre-Henri Philippe",5.35708206845182,"21270",98,0,12.5732348195825,0,0,"FRA","ProGolf Tour",26,0,7.35100567468003,0,0,1
2472,"Mathias Weiderman",5.361012265191,"20259",52,0,10.4873969461391,0,0,"SWE","MENA Golf Tour",12,0,8.34432778916059,0,0,1
2473,"Shaifubari Muda",5.36485643662308,"6446",90,0,21.8503316355295,0,0,"MAS","Asian Development Tour",42,0,18.8013763914681,0,0,1
2474,"Hyungmin Kim",5.36615689868632,"14608",70,0,8.37599104626367,0,0,"KOR","Korean Golf Tour",12,0,6.0968562135531,0,0,1
2475,"Wang Dongyu",5.36727799831916,"18463",70,2.55893448948677,30.3075882882363,0.0844321384186154,0,"CHN","PGA Tour China",54,0,27.0257916406623,0,0,1
2476,"Liu Zehao",5.36896774621488,"22550",72,2.47726457636094,25.7128225212024,0.096343548994601,0,"CHN","PGA Tour China",50,0,22.0480199887679,0,0,1
2477,"Sander Aadusaar",5.36933505321643,"22989",77,0,18.6154548310487,0,0,"EST","Nordic Golf League",32,0,13.0714717221455,0,0,1
2478,"Minjun Park",5.37097689995479,"16159",50,0,8.08874191460334,0,0,"KOR","PGA Tour China",20,0,5.06966393234324,0,0,1
2479,"Oliver Roberts",5.37741738396851,"21562",71,0,10.1832599706603,0,0,"ENG","Alps Golf Tour",11,0,7.58243948098521,0,0,1
2480,"Miki Kuronen",5.37953115734358,"17725",51,0,3.32285847926629,0,0,"FIN","Nordic Golf League",2,0,0.449619330613211,0,0,1
2481,"Jeff Inglis",5.38289447408776,"7692",98,0.107087539721013,18.0797698729034,0.00592305878193217,0,"ENG","Sunshine Tour",38,0,15.4725996019892,0,0,1
2482,"Daniel Hammond",5.38364863867725,"15991",71,1.08758868585349,13.4247725659957,0.0810135650721041,0,"RSA","Sunshine Tour",32,1.08758868585349,12.0195813505076,0.0904847393713565,0,1
2483,"Francois Coetzee",5.38578005458899,"15989",113,1.05496102527789,20.270582671562,0.0520439418230398,0,"RSA","Sunshine Tour",35,1.05496102527789,15.6636261399557,0.0673510090097743,0,1
2484,"Romain Vallaeys",5.3867929846965,"20705",45,0,20.965853236353,0,0,"FRA","ProGolf Tour",31,0,20.5441480560645,0,0,1
2485,"Deepinder Kullar",5.38704483021586,"12880",51,0.131975777480871,20.9595332272878,0.00629669449456289,0,"IND","Asian Tour",36,0,19.9288166324685,0,0,1
2486,"Marthin Scheepers",5.3917223028442,"24345",70,1.3070233432758,31.1862494804374,0.0419102445805699,0,"RSA","Sunshine Tour",59,1.05496102527789,26.7755186687248,0.0394002087627209,0,1
2487,"Christian Larsson",5.39844632991262,"20153",62,0,4.45954242488919,0,0,"SWE","Nordic Golf League",8,0,2.21062023898053,0,0,1
2488,"Yubin Jung",5.40580635623161,"15187",44,1.05496102527789,18.0921924225255,0.0583102921216125,0,"RSA","Sunshine Tour",42,1.05496102527789,17.7176721072498,0.0595428687748552,0,1
2489,"Bryandrew Roelofsz(1992)",5.41655484379591,"21297",53,0.216454489061621,5.41034732635608,0.0400075034013398,0,"RSA","Sunshine Tour",8,0,3.11509349088936,0,0,1
2490,"Chanhsavang Keoninh",5.42578830944256,"21224",57,0,2.14472928622633,0,0,"USA","Asian Development Tour",2,0,0.591424574798265,0,0,1
2491,"Oscar Bergman(Jul1992)",5.42824458994476,"20163",91,0,12.7589217881975,0,0,"SWE","Nordic Golf League",27,0,9.80250591983523,0,0,1
2492,"Kyson Lloyd",5.45752668406273,"20008",75,0,15.5169907955426,0,0,"ENG","EuroPro Tour",31,0,13.7760566322549,0,0,1
2493,"Thomas Bosco-Cwiok",5.45963252075488,"19658",49,0,4.03706769629517,0,0,"POL","ProGolf Tour",5,0,1.32515312654417,0,0,1
2494,"Raoul Menard",5.46004390650138,"20772",46,0,3.50907463731131,0,0,"CAN","PGA Tour Canada",2,0,1.7174680514,0,0,1
2495,"Thabang Simon",5.46879855269122,"7060",85,1.08758868585349,31.6178384184745,0.0343979455982674,0,"RSA","Sunshine Tour",63,1.08758868585349,26.7240059631035,0.0406970679229406,0,1
2496,"Matthew Tottey",5.47091462312525,"9085",53,0,6.85570751486992,0,0,"WAL","EuroPro Tour",20,0,5.61189518081899,0,0,1
2497,"Shota Hayafuji",5.47110310815132,"24455",52,0,3.54079076762881,0,0,"JPN","China Tour - PGA Tour China Series",4,0,0.900907738592942,0,0,1
2498,"Dominik Pietzsch",5.47359575782202,"18709",132,0,27.2769714537392,0,0,"GER","ProGolf Tour",43,0,22.0268408263846,0,0,1
2499,"Chan Yih-Shin",5.47793102601013,"7842",47,0,4.82540947337073,0,0,"TPE","Asian Tour",10,0,3.67800931522172,0,0,1
2500,"Alex Esmatges",5.48973997346275,"23000",63,0,14.2753151065261,0,0,"ESP","Alps Golf Tour",26,0,11.8845303153207,0,0,1
2501,"Low Khai Jei",5.51802598569961,"16112",62,1.08173079796854,13.3503911937484,0.0810261498910296,0,"MAS","Asian Development Tour",24,1.02331219451955,11.3588555945884,0.0900893744090802,0,1
2502,"Kenneth Tobuse",5.52015755903903,"15066",79,0,17.1748624593481,0,0,"MAS","Asian Development Tour",29,0,14.6211149250462,0,0,1
2503,"Craig Hinton",5.54822679599938,"15580",103,0.191927870054598,10.6030452328213,0.0181012026111605,0,"ENG","MENA Golf Tour",11,0,7.50660236967785,0,0,1
2504,"Jonathan Woo",5.56369375014299,"15038",91,0,10.7495052882079,0,0,"SIN","Asian Development Tour",19,0,7.80584876832557,0,0,1
2505,"Phillip Mclean",5.58303741879353,"13238",142,0,31.774058295816,0,0,"SCO","ProGolf Tour",45,0,25.4077348678869,0,0,1
2506,"Jason Rossiter",5.58323362760317,"24580",48,0,19.7572119611069,0,0,"RSA","Big Easy Tour",40,0,15.8035365191162,0,0,1
2507,"Jean-Luc Burnier",5.58532675623277,"11347",81,0.145679734926419,9.98562393491431,0.0145889466573096,0,"SUI","MENA Golf Tour",21,0,7.84184554521417,0,0,1
2508,"Paul Boshoff",5.58645516437461,"23313",59,0,21.8274097454899,0,0,"RSA","Big Easy Tour",45,0,20.156587788133,0,0,1
2509,"Matthew Rushton",5.58951311593061,"23904",58,0,21.508087953964,0,0,"RSA","Big Easy Tour",46,0,19.9028918679233,0,0,1
2510,"Fajar Win Nuryanto",5.59942056306973,"20657",63,0,20.0601471820753,0,0,"INA","Asian Development Tour",43,0,18.30992948398,0,0,1
2511,"Ian Andrew",5.60530229535974,"12706",55,0,3.33729055955117,0,0,"INA","Asian Development Tour",2,0,0.933949410508743,0,0,1
2512,"Dennis Meyerrose",5.60800686719635,"22238",77,0.591424574798265,23.3067890631435,0.0253756351076915,0,"GER","ProGolf Tour",40,0.591424574798265,20.7802901174004,0.0284608430131124,0,1
2513,"N.J. Arnoldi",5.61160579281503,"18102",87,0.216454489061621,7.70814848841638,0.0280812557499253,0,"RSA","Sunshine Tour",6,0,1.62522458552761,0,0,1
2514,"Max Helgesson",5.61225760390659,"20399",81,0,9.98273034349908,0,0,"SWE","Nordic Golf League",25,0,6.87259053527073,0,0,1
2515,"Sam Cutting",5.61757205213339,"21910",80,0,16.4859041264569,0,0,"ENG","EuroPro Tour",32,0,14.3081780757231,0,0,1
2516,"Prin Sirisommai",5.62174195513418,"14115",46,0,13.7368495078932,0,0,"THA","Asian Development Tour",26,0,12.8918576190823,0,0,1
2517,"Ekthumrong Luanganurak",5.62284357836756,"19024",83,0,11.5137302492095,0,0,"THA","Asian Development Tour",15,0,7.85584628821079,0,0,1
2518,"Annop Tangkamolprasert",5.62357103968658,"12331",62,0,10.1773155589594,0,0,"THA","Asian Development Tour",22,0,8.13349517129286,0,0,1
2519,"Peetie Van der Merwe",5.6239794202259,"24649",47,0,19.7522944863246,0,0,"RSA","Big Easy Tour",45,0,19.3661910685145,0,0,1
2520,"Richard Edginton",5.62561917516472,"10257",58,0,4.57235084106642,0,0,"ENG","EuroPro Tour",12,0,3.13225679483318,0,0,1
2521,"Harrison Woan",5.62757981731269,"23296",45,0,10.6594637306925,0,0,"ENG","EuroPro Tour",17,0,8.97902970655254,0,0,1
2522,"Nicolai Emil Oxenboll",5.6332766035106,"21681",60,0,16.2528820758089,0,0,"DEN","Nordic Golf League",29,0,11.3183892583638,0,0,1
2523,"Michael Wolf",5.66678410956301,"20219",51,0,4.22187928090651,0,0,"GER","ProGolf Tour",10,0,2.44355269873501,0,0,1
2524,"Niklas Griffiths",5.66818366146508,"24351",68,0,27.5586689671307,0,0,"GER","ProGolf Tour",45,0,23.8336533133707,0,0,1
2525,"Jacobus Mouton",5.66902459458264,"18106",43,0,2.29415023294634,0,0,"RSA","Sunshine Tour",0,0,0,NA,0,NA
2526,"Altaaf Bux",5.68100059808241,"19600",113,1.36692596317975,27.2806307151589,0.0501060982589452,0,"RSA","Sunshine Tour",42,1.05496102527789,22.5896688801426,0.0467010397928077,0,1
2527,"Kristian Kulokorpi",5.69094278129374,"18863",57,0,9.35836361556531,0,0,"FIN","Nordic Golf League",17,0,6.67508800470736,0,0,1
2528,"Yin Yongxuan",5.69236487415161,"15418",46,0,13.4135265852476,0,0,"CHN","PGA Tour China",30,0,11.8910372413611,0,0,1
2529,"Jesper Alm",5.69276822917065,"20155",85,0,12.6931399984433,0,0,"SWE","MENA Golf Tour",18,0,9.95801730140097,0,0,1
2530,"Chirat Jirasuwan",5.69602639406476,"16261",56,0,11.3444030190111,0,0,"THA","Asian Development Tour",26,0,9.23680789176524,0,0,1
2531,"Ben Brewster",5.69908508240162,"23188",60,0,10.3716345540489,0,0,"ENG","EuroPro Tour",30,0,8.55003088109169,0,0,1
2532,"Yuan Hao",5.70112640193513,"9552",72,0.160889728857884,5.97663122190625,0.0269198019560203,0,"CHN","China Tour - PGA Tour China Series",10,0,3.49952445614953,0,0,1
2533,"Roberto Laino",5.70476828400349,"20329",51,0,1.62931075046495,0,0,"ENG","EuroPro Tour",0,0,0,NA,0,NA
2534,"Tseng Hong-Sheng",5.71335388114728,"14281",82,0,15.2070714352713,0,0,"TPE","China Tour - PGA Tour China Series",22,0,12.8287433591077,0,0,1
2535,"Sipho Bujela",5.72011721278872,"15948",106,1.41784874903462,28.2553084532051,0.050179906950327,0,"RSA","Sunshine Tour",40,1.08758868585349,20.6731157384062,0.052608842305903,0,1
2536,"Jonas Carlson",5.72359580873983,"20173",110,0,17.6588774537719,0,0,"SWE","Nordic Golf League",33,0,13.2974651838599,0,0,1
2537,"Mohd Amli",5.72486920181827,"14867",44,0,16.9198848118618,0,0,"MAS","Asian Development Tour",32,0,16.6450488892537,0,0,1
2538,"Kevin Esteve",5.72587630852625,"21620",85,0,17.442324473773,0,0,"AND","MENA Golf Tour",19,0,14.526192815442,0,0,1
2539,"Gyoungyoon Yu",5.74122775602379,"14336",70,0,5.77059024339579,0,0,"KOR","Korean Golf Tour",8,0,3.42487956501612,0,0,1
2540,"Xu Wang",5.7558333421965,"14484",83,0.477264576360943,21.6225184273122,0.0220725711468509,0,"CHN","PGA Tour China",49,0,19.4160471657962,0,0,1
2541,"Nicolaj Norman  Hansen",5.76207342663729,"20235",43,0,1.23335738999631,0,0,"DEN","Nordic Golf League",0,0,0,NA,0,NA
2542,"Ashley Mason",5.76505153491597,"21779",65,0,8.62650272320847,0,0,"ENG","EuroPro Tour",18,0,6.70848422777277,0,0,1
2543,"Dayne Moore",5.76514545390319,"15824",117,0.259533776704411,20.1409067882226,0.012885903273043,0,"ZAM","Sunshine Tour",31,0,14.7132049820911,0,0,1
2544,"Arnaud Abbas",5.78187140025464,"14969",47,0,18.5423574258746,0,0,"FRA","ProGolf Tour",26,0,16.5266168926179,0,0,1
2545,"Baptiste Achard",5.7982477780379,"24350",69,0,30.0646729781936,0,0,"FRA","ProGolf Tour",51,0,27.1894093262267,0,0,1
2546,"Sascha Schmidt",5.80799721099757,"20300",131,0,30.0654840076664,0,0,"GER","ProGolf Tour",46,0,24.51139708537,0,0,1
2547,"Jorgen Winther Johansen",5.81940529195726,"20493",79,0,23.7360187421313,0,0,"NOR","Nordic Golf League",42,0,17.747655440218,0,0,1
2548,"Mohd Zurie Harun",5.83745309672544,"10975",64,0,15.8380001595061,0,0,"MAS","Asian Development Tour",28,0,13.2933699120975,0,0,1
2549,"Arthur Horne",5.83821161351136,"17152",63,0.0430792876427906,4.43145931064401,0.00972124183546435,0,"SWZ","Sunshine Tour",7,0,2.44779115477362,0,0,1
2550,"Jacob Pingel Lauridsen",5.8386459807133,"20218",83,0.137070062592267,9.58013289326021,0.0143077412515539,0,"DEN","Nordic Golf League",23,0,6.77710831648381,0,0,1
2551,"Paul BariteauAm)",5.84063288807153,"21565",74,0,15.9396062802362,0,0,"FRA","Alps Golf Tour",33,0,13.719790875851,0,0,1
2552,"Zhou Guowu",5.84201348320968,"12973",74,0.477264576360943,9.23910900968943,0.0516569915844067,0,"CHN","China Tour - PGA Tour China Series",16,0,5.00042222920112,0,0,1
2553,"Wiktor Friberg",5.85162044225659,"21801",56,0,11.2022901182218,0,0,"SWE","Nordic Golf League",21,0,7.70963981721802,0,0,1
2554,"Pijit Petchkasem",5.86425011646029,"10688",92,0,7.01044976877086,0,0,"THA","Asian Development Tour",10,0,3.24830713500484,0,0,1
2555,"Stanislas Caturla",5.86638842210636,"22060",49,0,20.4933932648102,0,0,"FRA","ProGolf Tour",35,0,18.4875792046463,0,0,1
2556,"Antonio Costa",5.87881455795909,"17305",122,0,14.6130842995623,0,0,"CHI","MENA Golf Tour",24,0,9.29927007289681,0,0,1
2557,"Adrian Halimi",5.89866552401467,"17596",80,0,20.2673526794657,0,0,"INA","Asian Development Tour",34,0,16.4936252647295,0,0,1
2558,"Gaetan Weydts Caessens",5.90297901856535,"22005",52,0,20.3533399327785,0,0,"BEL","ProGolf Tour",34,0,17.769924281064,0,0,1
2559,"John McClean",5.90332953161826,"15188",42,0,15.6913834913581,0,0,"RSA","Big Easy Tour",30,0,12.2326739426477,0,0,1
2560,"Bryce Bibby",5.90373723555459,"18152",49,0.0620880045158757,1.14462455936303,0.0542431175427747,0,"RSA","Sunshine Tour",0,0,0,NA,0,NA
2561,"Jason Diab",5.90385150956812,"21296",124,0.468516807059533,22.6688837288714,0.0206678375813814,0,"RSA","Sunshine Tour",38,0,17.7422192500184,0,0,1
2562,"Axel Arinbjarnarson",5.90547670055836,"20161",48,0,10.0556713268424,0,0,"SWE","Nordic Golf League",25,0,7.73545702279376,0,0,1
2563,"Koki Ishihara",5.91098889788716,"24357",55,0,20.842003874844,0,0,"JPN","PGA Tour China",43,0,18.9479412949638,0,0,1
2564,"Matyas Baldauf",5.91894597977235,"22998",66,0,23.3101568568277,0,0,"HUN","Alps Golf Tour",36,0,20.7960513315961,0,0,1
2565,"Liam Harper",5.93149127272299,"20679",45,0,5.43010924451412,0,0,"ENG","Alps Golf Tour",16,0,4.02370281692662,0,0,1
2566,"Quentin Saintillan",5.93638576954849,"20903",64,0,26.6735794074476,0,0,"FRA","ProGolf Tour",44,0,23.522007314095,0,0,1
2567,"Anton Mostrom",5.9378726463994,"22445",63,0,15.3230881956027,0,0,"SWE","Nordic Golf League",26,0,11.297475877894,0,0,1
2568,"Russel Franz",5.9390862007685,"19349",45,0,1.03860564436515,0,0,"RSA","Sunshine Tour",0,0,0,NA,0,NA
2569,"Jason Kang",5.9423602571269,"13857",54,0,1.78314199841482,0,0,"USA","Korean Golf Tour",0,0,0,NA,0,NA
2570,"Dwayne Basson",5.9672373907381,"19419",125,0.57149871460627,19.8669037972357,0.0287663704641178,0,"RSA","Sunshine Tour",38,0,15.0431030886578,0,0,1
2571,"Juan Carlos Osorio Valencia",5.96982799508698,"20580",55,0,3.99165232670261,0,0,"ESP","Alps Golf Tour",8,0,2.02381768801594,0,0,1
2572,"Chen Xiaozhong",5.9705364186981,"19022",44,0.398044760628888,15.819882288672,0.0251610443975246,0,"CHN","China Tour",24,0,12.9106631087902,0,0,1
2573,"Jesper Olsson",5.9820839965441,"20238",106,0,12.3454273785383,0,0,"SWE","Nordic Golf League",25,0,8.63447647037975,0,0,1
2574,"Miro Veijalainen",5.98221628891618,"14121",131,0,20.8976698927748,0,0,"FIN","Nordic Golf League",38,0,13.0791959618741,0,0,1
2575,"Rene Gruber",5.98277319669427,"13298",83,1.30734251469735,9.16371634828259,0.142665100599972,0,"AUT","ProGolf Tour",16,1.14591623416916,4.28752822492243,0.267267333077415,0,1
2576,"Anton Guedra",5.99053732304354,"19606",70,0,6.24075425822899,0,0,"SWE","Nordic Golf League",11,0,2.99353722406401,0,0,1
2577,"Michael Fossto",5.99896881495243,"22378",61,0,17.0711833631861,0,0,"SWE","Nordic Golf League",33,0,15.0169673747722,0,0,1
2578,"Li Fangyi",6.00291525767121,"15309",54,0.0792198157320546,7.34260474653103,0.0107890617113064,0,"CHN","China Tour - PGA Tour China Series",12,0,6.2703250796307,0,0,1
2579,"Oscar Hallberg",6.00862373960748,"20559",61,0,2.22505663265393,0,0,"SWE","Nordic Golf League",0,0,0,NA,0,NA
2580,"John Chaney",6.03517230232687,"22556",50,0,10.2606627933932,0,0,"USA","PGA Tour Latinoamerica",22,0,7.72707875283442,0,0,1
2581,"Alexandre Freche(Am)",6.03961863496495,"23001",47,0,14.7256814646965,0,0,"FRA","Alps Golf Tour",24,0,12.670201553549,0,0,1
2582,"Jesper Andersson",6.04521820116304,"20804",44,0,8.7733670671873,0,0,"SWE","Nordic Golf League",20,0,5.80555187741643,0,0,1
2583,"Dominic Zrenner",6.04723910440777,"20602",92,0,21.6824534184608,0,0,"GER","ProGolf Tour",32,0,17.6447835011256,0,0,1
2584,"Alois Kluibenschadl",6.06004175782431,"21666",54,0,18.1283130390376,0,0,"AUT","ProGolf Tour",27,0,15.55850491916,0,0,1
2585,"Christopher Van Der Meulen",6.07064321950757,"20312",48,0,4.71484778669742,0,0,"RSA","ProGolf Tour",11,0,2.94297448651391,0,0,1
2586,"Xing Yixin",6.08157382577832,"22666",66,0.0792198157320546,24.337893790831,0.00325499882664045,0,"CHN","PGA Tour China",50,0,23.0838184666954,0,0,1
2587,"Erik Myllymaki",6.10652025100181,"16408",78,0,7.8844546434665,0,0,"FIN","Nordic Golf League",8,0,4.90852630287868,0,0,1
2588,"Wang Changwei",6.11384367796129,"19506",77,0.0816699131258295,10.7829832888235,0.00757396269087055,0,"CHN","China Tour - PGA Tour China Series",21,0,8.36780472437481,0,0,1
2589,"Divan  Gerber",6.11865754606431,"15212",43,0,2.63357265789527,0,0,"RSA","Sunshine Tour",4,0,0.975907991649671,0,0,1
2590,"Sixto Casabona-Navarro",6.13633115098636,"18627",48,0,4.16764471469235,0,0,"ESP","MENA Golf Tour",4,0,2.90545105996602,0,0,1
2591,"Jake Shepherd",6.14175569547582,"15972",62,0,12.957537876267,0,0,"ENG","MENA Golf Tour",14,0,9.99660892262269,0,0,1
2592,"Michael Ludwig",6.14723993068878,"17590",73,0.0201169376495604,18.8984809858792,0.0010644737883744,0,"AUT","Alps Golf Tour",35,0,16.5469069577438,0,0,1
2593,"Marco Crespi",6.20544876834624,"7933",48,0.187812869735035,1.44354732584427,0.13010510038193,0,"ITA","European Challenge Tour",2,0,0.523583923726211,0,0,1
2594,"Irvin Mazibuko",6.21709668760863,"8280",121,1.36493184281828,24.4747673459345,0.0557689404571607,0,"RSA","Sunshine Tour",37,1.08758868585349,17.0690536868175,0.0637169878195087,0,1
2595,"Jonathan Waschefort",6.21713480498843,"22042",61,0,15.8091364639129,0,0,"RSA","Big Easy Tour",35,0,14.3243946963306,0,0,1
2596,"Guglielmo Bravetti",6.22075825876087,"21006",66,0,17.8151586804962,0,0,"ITA","Alps Golf Tour",30,0,16.3586690959611,0,0,1
2597,"Sam Testelin",6.22719646483021,"23011",62,0,9.33765225662719,0,0,"FRA","Alps Golf Tour",20,0,5.58935134602076,0,0,1
2598,"Julien Cosentino",6.23140138725735,"22113",97,0,25.4724844543041,0,0,"FRA","ProGolf Tour",42,0,22.0161202329348,0,0,1
2599,"Gerrit Foster",6.24138478870853,"21304",71,0.209960854389772,15.3725093882599,0.0136582030354862,0,"RSA","Sunshine Tour",19,0,12.1870423578053,0,0,1
2600,"Victor Marchiset",6.2436261218759,"23411",49,0,20.0289220937007,0,0,"FRA","Alps Golf Tour",39,0,19.1255812505868,0,0,1
2601,"Zeno Felder",6.27634775984534,"21211",106,0,15.1393498665446,0,0,"SUI","ProGolf Tour",27,0,10.2385204210638,0,0,1
2602,"Sander Stavnar",6.27726185346281,"21605",86,0,10.1305422486556,0,0,"NOR","Nordic Golf League",20,0,5.75346736345461,0,0,1
2603,"Oskar Franck",6.2813543288073,"20184",78,0.648013664037684,11.9129246560886,0.0543958501161582,0,"SWE","Nordic Golf League",21,0.648013664037684,9.66403638775096,0.0670541415654263,0,1
2604,"Allan Werner",6.29331913557114,"20260",65,0,5.68931353634361,0,0,"DEN","Nordic Golf League",9,0,2.86469091796748,0,0,1
2605,"Tiago Rodrigues",6.30824724617387,"13820",70,0.996245081446612,23.4861620150133,0.0424183858056405,0,"POR","ProGolf Tour",35,0.754615101584514,19.2824036474683,0.0391349084575144,0,1
2606,"Liam Hancock",6.31135339757773,"20451",50,0,5.72598644098988,0,0,"ENG","EuroPro Tour",13,0,3.87509225721992,0,0,1
2607,"David Clarkson",6.31973790605877,"19972",50,0,1.69584970803648,0,0,"ENG","EuroPro Tour",0,0,0,NA,0,NA
2608,"Mark Murless",6.33696604348903,"5730",86,0.0620880045158757,6.67237832810513,0.0093052284302212,0,"RSA","Sunshine Tour",10,0,3.9562253533567,0,0,1
2609,"Jeff Hopkins",6.33919917489512,"21305",60,0.0620880045158757,1.32200373005059,0.0469650751390085,0,"IRL","Sunshine Tour",0,0,0,NA,0,NA
2610,"Marco De Beer",6.36533188418463,"23594",45,0,13.0337927560952,0,0,"RSA","Big Easy Tour",30,0,11.682077838265,0,0,1
2611,"Victor Bertran Crous",6.39965039810775,"15325",91,0,18.6291592449367,0,0,"ESP","Alps Golf Tour",32,0,15.7645390866618,0,0,1
2612,"Jonathan  Griffiths",6.4068531900505,"24378",52,0,25.3423559502161,0,0,"GER","ProGolf Tour",46,0,24.3748672380478,0,0,1
2613,"Lars Buijs",6.40882588850189,"21209",78,0,11.2351374724949,0,0,"BEL","ProGolf Tour",18,0,7.56217676314993,0,0,1
2614,"Victor Roupe",6.41261868089153,"20247",41,0,6.70591550888262,0,0,"SWE","Nordic Golf League",14,0,5.74312582954268,0,0,1
2615,"Arno Pretorius",6.42656919039253,"24643",48,0,18.9016174327511,0,0,"RSA","Big Easy Tour",45,0,18.322462306036,0,0,1
2616,"Greg Bentley",6.42857517598233,"14536",94,0,11.5386551377168,0,0,"ZIM","Sunshine Tour",23,0,8.59292451195396,0,0,1
2617,"Mehdi Saissi",6.42892719869034,"14718",114,0,9.70696164708755,0,0,"MAR","ProGolf Tour",11,0,3.78609571828621,0,0,1
2618,"Sam Hobday(Am)",6.43489284260431,"22614",71,0,12.0229060106375,0,0,"BRN","MENA Golf Tour",12,0,9.15334000380506,0,0,1
2619,"PH McIntyre",6.43680181295063,"12839",94,0.0178093802603741,7.79698186523116,0.00228413770458938,0,"RSA","Sunshine Tour",9,0,3.96834065008226,0,0,1
2620,"Nicolai Nohr Madsen",6.46547381072656,"20226",58,0,18.3768088332633,0,0,"DEN","Nordic Golf League",41,0,16.8461462144136,0,0,1
2621,"Clement Hauchard",6.46941597898866,"22118",45,0,14.3019212032004,0,0,"FRA","Alps Golf Tour",29,0,13.0858403634512,0,0,1
2622,"Han Ren",6.50058630756374,"9749",78,0.160889728857884,15.7498773331607,0.0102153004404128,0,"CHN","China Tour - PGA Tour China Series",30,0,13.2738938451653,0,0,1
2623,"Ralph Leitner",6.52038926456117,"21668",54,0,15.3546018651406,0,0,"AUT","ProGolf Tour",30,0,12.9561651978812,0,0,1
2624,"Basil Wright",6.52345319077358,"24583",49,1.02331219451955,21.6070528005341,0.0473601006100312,0,"RSA","Sunshine Tour",41,1.02331219451955,20.0503395461906,0.0510371503765368,0,1
2625,"Hyungtae Kim 404",6.53219994548676,"6007",90,0,14.0992543178291,0,0,"KOR","Korean Golf Tour",28,0,10.9908229359825,0,0,1
2626,"Motonari Nakagawa",6.53534083878234,"14275",58,0,12.4653161093185,0,0,"JPN","Asian Development Tour",28,0,11.9787297545718,0,0,1
2627,"James Ashman",6.54095016227355,"21613",43,0,1.97396592923452,0,0,"ENG","MENA Golf Tour",0,0,0,NA,0,NA
2628,"Adrien Pinguet",6.54988239050953,"20855",50,0,14.1059337925451,0,0,"FRA","Alps Golf Tour",28,0,12.1696468826871,0,0,1
2629,"Mi Yiyuan",6.56834376814898,"18460",84,0.0792198157320546,15.5238603865257,0.00510310024437062,0,"CHN","China Tour - PGA Tour China Series",32,0,12.7321394915001,0,0,1
2630,"Maritz Wessels",6.57526444862463,"17204",50,0,14.6605075645283,0,0,"RSA","Big Easy Tour",34,0,13.8092748835268,0,0,1
2631,"Robin Kind",6.60131417891185,"14986",106,0,18.9590140711141,0,0,"NED","ProGolf Tour",22,0,15.1272144635312,0,0,1
2632,"Andrew Burmester",6.60726914306303,"23522",69,0,23.2951156758147,0,0,"RSA","Big Easy Tour",39,0,18.7511753391258,0,0,1
2633,"Keelan Africa",6.62703958723538,"24573",53,1.05496102527789,21.4276656627393,0.0492335955713723,0,"RSA","Sunshine Tour",47,1.05496102527789,20.2689971690247,0.0520480128582825,0,1
2634,"Mohd Farid Abdul Rashid",6.63241664501309,"17189",58,0,15.1482231349689,0,0,"MAS","Asian Development Tour",33,0,13.2593612657878,0,0,1
2635,"Elliott Oxlade",6.63420171868951,"21630",72,0,10.842786123333,0,0,"ENG","MENA Golf Tour",11,0,8.34678971260773,0,0,1
2636,"Evanildo Silva dos Santos",6.63505945012417,"20382",64,0,10.3357598970355,0,0,"NED","ProGolf Tour",15,0,6.97702784901547,0,0,1
2637,"Hendrik Beins",6.64932137055829,"20357",92,0,7.58795579436599,0,0,"GER","EuroPro Tour",12,0,3.06437877823166,0,0,1
2638,"Marcus Toennessen",6.68475871582375,"24046",41,0,12.4399110710384,0,0,"GER","ProGolf Tour",21,0,9.91130473057454,0,0,1
2639,"Kiishaan Tharmalingam",6.68794490010361,"19452",50,0,12.5610344873017,0,0,"MAS","Asian Development Tour",26,0,11.1340959915317,0,0,1
2640,"Mark Suursalu",6.69900079329063,"18766",74,0,7.85208932102288,0,0,"EST","Nordic Golf League",17,0,4.86970193329375,0,0,1
2641,"Nicolas Peyrichou",6.70092351546296,"11691",66,0,5.43403802215899,0,0,"FRA","Alps Golf Tour",6,0,3.68402719970743,0,0,1
2642,"Luo Xiaofei",6.72935762509107,"18387",50,0.0792198157320546,15.5315476506532,0.00510057448967249,0,"CHN","China Tour",26,0,14.634060849659,0,0,1
2643,"Lasse Sonne Nielsen",6.73601371328436,"15677",43,0,0.884226262230775,0,0,"DEN","Nordic Golf League",0,0,0,NA,0,NA
2644,"Mohammad Rauf Mandhu",6.74543728487526,"14547",63,0,10.4409674287413,0,0,"ZIM","Sunshine Tour",13,0,6.38605574144428,0,0,1
2645,"Cyril Suk",6.77105865786314,"19717",86,0.141309342878626,13.9660674589395,0.0101180481401854,0,"CZE","MENA Golf Tour",21,0,8.92054063605982,0,0,1
2646,"Michael Pearce",6.77176053478224,"18095",46,0,9.17327686533588,0,0,"AUS","PGA Tour Australasia",10,0,6.05754923903039,0,0,1
2647,"Mohd Iylia Jamil",6.77578797189528,"14112",47,0.0584186034489874,2.84592281272924,0.020527121532493,0,"MAS","Asian Development Tour",2,0,1.02331219451955,0,0,1
2648,"Yao Yu",6.80380022886555,"19264",66,0,17.1842267407907,0,0,"CHN","China Tour - PGA Tour China Series",30,0,15.3282232854974,0,0,1
2649,"Anze Leskovar",6.80407020295454,"21958",46,0,16.6988999191958,0,0,"SVK","ProGolf Tour",30,0,14.4981610074777,0,0,1
2650,"Tobias Larsen",6.80477441046786,"20215",80,0,17.637682745445,0,0,"DEN","Nordic Golf League",35,0,14.0905371765298,0,0,1
2651,"Tom Boys",6.82573939331951,"20270",62,0,3.18024972607276,0,0,"ENG","MENA Golf Tour",0,0,0,NA,0,NA
2652,"Muhammad Adli Azmi",6.87755548057939,"18409",64,0,12.3343092720631,0,0,"MAS","Asian Development Tour",21,0,9.35128221295263,0,0,1
2653,"Fabian Winkler",6.87810279899621,"20600",88,0,13.6480182646991,0,0,"AUT","ProGolf Tour",25,0,8.59057501028406,0,0,1
2654,"Andrea Cavallaro",6.87924712558245,"21008",75,0,18.4119891275429,0,0,"ITA","Alps Golf Tour",32,0,15.8280621551081,0,0,1
2655,"Teagan Moore",6.89800185333492,"23146",45,0,12.0148338578827,0,0,"RSA","MENA Golf Tour",20,0,10.4600288924754,0,0,1
2656,"S Murthy",6.90082890263425,"6311",51,0,7.28405394373746,0,0,"MAS","Asian Development Tour",12,0,4.2440785419658,0,0,1
2657,"Robert Gamez",6.90361304939328,"2878",41,3.92790678243618,5.08865221292379,0.771895310994208,1,"USA","Web.com Tour",4,3.04233497266525,3.04233497266525,1,0,1
2658,"Masaru Tani",6.91858584000397,"22929",49,0,14.0345736248615,0,0,"JPN","Asian Development Tour",32,0,12.1460800520173,0,0,1
2659,"Raphael Ginouves",6.92598834819744,"23003",63,0,18.3410926709683,0,0,"FRA","Alps Golf Tour",33,0,16.0891080133942,0,0,1
2660,"Tomas Beitia",6.92883869094752,"21096",47,0,14.7875426006523,0,0,"ARG","PGA Tour Latinoamerica",25,0,12.1677564173664,0,0,1
2661,"Alexander Rosswag",6.95925297353051,"12371",45,0,2.11772389866432,0,0,"GER","ProGolf Tour",2,0,0.648013664037684,0,0,1
2662,"Wayne Stroebel",6.96513159240004,"21450",101,0,29.3949673302267,0,0,"RSA","Sunshine Tour",59,0,26.2165203089326,0,0,1
2663,"Mitchell Davis",6.97079640427728,"15915",47,0,3.52951235984183,0,0,"AUS","China Tour - PGA Tour China Series",6,0,2.95336799087281,0,0,1
2664,"Niklas Adank",7.01323416495437,"20942",88,0.712771715677449,17.5053311996236,0.0407174081740753,0,"GER","ProGolf Tour",31,0.591424574798265,13.760240888383,0.042980684683912,0,1
2665,"Daniel Suchan",7.03198961965089,"17522",101,0.836644676755779,19.5071457623104,0.042889138521344,0,"CZE","European Challenge Tour",33,0.66805532375019,15.9340814201753,0.0419261899154297,0,1
2666,"Zhou Cilin",7.060892701545,"22033",56,0,24.081404765182,0,0,"CHN","PGA Tour China",46,0,22.6494235230634,0,0,1
2667,"Ayoub Saidi(Am)",7.06864682568445,"21440",41,1.94,12.9967363654865,0.149268242845317,0,"MAR","ProGolf Tour",14,1.94,10.4143459808764,0.186281500879879,0,1
2668,"Patrick Rasmussen",7.1102570563139,"20245",95,0,11.3052767447812,0,0,"DEN","Nordic Golf League",24,0,7.76082987007902,0,0,1
2669,"Edward Holland",7.13360917367019,"22615",68,0,6.73596840078996,0,0,"ENG","MENA Golf Tour",16,0,4.51239863252455,0,0,1
2670,"Quintin Crause",7.14648192702351,"22609",45,0,12.6812334833004,0,0,"RSA","Big Easy Tour",29,0,11.6474614488511,0,0,1
2671,"Simo Haavisto",7.15422123452833,"20055",80,0,16.0274490399591,0,0,"FIN","Nordic Golf League",29,0,10.2362522667123,0,0,1
2672,"Thibaut Leys",7.17912797024706,"22934",63,0,15.0975677881278,0,0,"BEL","ProGolf Tour",21,0,12.4923177524568,0,0,1
2673,"Fredrik Feragen Fossum",7.18372635732154,"22093",51,0,8.08440431148831,0,0,"NOR","Nordic Golf League",12,0,3.25691274327156,0,0,1
2674,"Brett Liddle",7.19478751052892,"5228",68,0.0430792876427906,10.7167764521632,0.00401979903519356,0,"RSA","Big Easy Tour",26,0,9.09759346625282,0,0,1
2675,"Gustav Salander(Am)",7.20023634065106,"22993",47,0,10.3526284275387,0,0,"SWE","Nordic Golf League",23,0,6.89694863113323,0,0,1
2676,"Tommy Mansuwan",7.25896413584669,"17115",46,0,8.98177662369396,0,0,"THA","Asian Development Tour",20,0,6.71540825329042,0,0,1
2677,"Aarkesh Bhatia(Am)",7.2665435617153,"21615",64,0,14.4534671358721,0,0,"IND","MENA Golf Tour",17,0,12.0426216326858,0,0,1
2678,"Davide Albertini",7.27727844584471,"20355",70,0,13.8604231601851,0,0,"SUI","ProGolf Tour",19,0,11.2718984878801,0,0,1
2679,"Jeroen Krietemeijer",7.28077989334653,"13488",49,0,13.7003016526878,0,0,"NED","ProGolf Tour",31,0,12.8874424107228,0,0,1
2680,"Neal Herman",7.28531814164162,"21347",63,0,9.09099861402969,0,0,"RSA","Sunshine Tour",22,0,8.05030848704009,0,0,1
2681,"Yong Sherng Hui",7.29658379470142,"23018",42,0,13.3816880437342,0,0,"MAS","Asian Development Tour",26,0,11.9811480057786,0,0,1
2682,"Zhu Weiyu",7.38547940043628,"15312",86,2.12229910337485,16.3574790651754,0.129744876635249,0,"CHN","China Tour - PGA Tour China Series",27,0,10.9113485228467,0,0,1
2683,"Reagan Png",7.3902015925614,"18483",64,0,7.75204134880021,0,0,"SIN","Asian Development Tour",18,0,5.19907871139329,0,0,1
2684,"Jonathan Fransson",7.39945798255457,"11248",77,0,8.26053253796454,0,0,"SWE","MENA Golf Tour",8,0,5.06367454522702,0,0,1
2685,"Mustapha El Maouas",7.40358148679951,"16069",47,0,7.94023934571055,0,0,"MAR","ProGolf Tour",8,0,5.97655787015791,0,0,1
2686,"Joao Zitzer",7.42404713790006,"23697",41,0,8.19755853013371,0,0,"POR","ProGolf Tour",19,0,5.07858665834476,0,0,1
2687,"Alvin Cheung",7.458480387633,"21748",48,0.992612828683966,12.1857767930267,0.0814566724422518,0,"USA","Asian Development Tour",22,0.992612828683966,11.1292576511126,0.0891894913210798,0,1
2688,"Kristian Roenn  Skorstengaard",7.46791389591916,"20251",50,0,11.6676477959033,0,0,"DEN","ProGolf Tour",16,0,6.02472125475991,0,0,1
2689,"Xu Qin",7.49446347871198,"10614",58,0.0792198157320546,4.69857657630665,0.0168603862138873,0,"CHN","China Tour - PGA Tour China Series",4,0,1.51553552663557,0,0,1
2690,"Andi Dill",7.52013733281002,"19348",92,0,16.8305553858633,0,0,"RSA","MENA Golf Tour",30,0,14.2658081445759,0,0,1
2691,"Taewon Shin",7.54280080945087,"24361",41,0,13.5253074614246,0,0,"KOR","Asian Development Tour",32,0,12.0597926410068,0,0,1
2692,"Robert Molnar",7.5571940119741,"21216",69,0,17.0495333462991,0,0,"AUT","ProGolf Tour",37,0,15.816355144947,0,0,1
2693,"Gerard Du Plooy",7.63181140903427,"22036",79,0,15.1715144846991,0,0,"RSA","Sunshine Tour",29,0,11.6093224308083,0,0,1
2694,"Charles Hebert",7.66689847972312,"22974",49,0,14.4181338858587,0,0,"FRA","ProGolf Tour",27,0,13.2058072108511,0,0,1
2695,"Keegan Kam",7.67344960412474,"17177",78,0,17.1764489588372,0,0,"MAS","Asian Development Tour",33,0,14.0215282374881,0,0,1
2696,"Lv Haoyuan",7.74202743808792,"18394",42,0.0792198157320546,3.9689303265755,0.0199599915376714,0,"CHN","China Tour - PGA Tour China Series",10,0,3.147188914916,0,0,1
2697,"Solomon Emilio Rosidin",7.79033660195153,"17252",74,0,10.2906261208336,0,0,"MAS","Asian Development Tour",22,0,7.5980458995522,0,0,1
2698,"Max Wennerlund",7.81455882451836,"20261",46,0,5.01724476113764,0,0,"SWE","Nordic Golf League",15,0,3.89522224335228,0,0,1
2699,"Jabulane Mabilane",7.84026435983839,"22006",42,1.05496102527789,16.0927706654696,0.0655549654691548,0,"RSA","Big Easy Tour",36,1.05496102527789,15.6532284404088,0.0673957471006115,0,1
2700,"Niklas Lindstrom",7.84110101557858,"20222",118,0.114923501911982,15.1392804232553,0.00759108086375417,0,"SWE","Nordic Golf League",27,0,10.7258935849767,0,0,1
2701,"Andrew Park",7.904878961569,"23725",48,0,10.3188701974986,0,0,"USA","Asian Development Tour",14,0,6.38895889816671,0,0,1
2702,"Sebastian Petersen",7.94683286794457,"21990",41,0,9.9704567859192,0,0,"SWE","Nordic Golf League",15,0,6.27967874387383,0,0,1
2703,"Christopher Labadie",7.96487401770598,"23006",51,0,15.5839740683842,0,0,"FRA","Alps Golf Tour",24,0,13.801140535561,0,0,1
2704,"Ediz Kemaloglu",7.98001122512417,"18052",53,0,2.77700849789254,0,0,"TUR","MENA Golf Tour",0,0,0,NA,0,NA
2705,"Saud Al Sharif(Am)",8.09401298119667,"22606",41,3.28605418033115,15.5195410427619,0.211736556595126,0,"KSA","MENA Golf Tour",17,3.28605418033115,13.6246537713025,0.241184417269564,0,1
2706,"Hampus Nilsson",8.12282348395763,"20234",53,0,6.2170772700732,0,0,"SWE","Nordic Golf League",10,0,2.73154028231189,0,0,1
2707,"Jan-Philip Neuendorf",8.15866364616423,"20230",108,0,12.9713773019244,0,0,"GER","ProGolf Tour",24,0,7.95429332968211,0,0,1
2708,"Florian Attard",8.18358542610371,"21831",60,0,12.0895358517936,0,0,"FRA","ProGolf Tour",21,0,10.2801035286315,0,0,1
2709,"Phumlani Maluka(Am)",8.21017363228369,"22007",77,0.216454489061621,21.2194725854556,0.0102007478362108,0,"RSA","MENA Golf Tour",35,0,16.782999593161,0,0,1
2710,"Mohit Mediratta",8.22237319628895,"23964",44,0,15.8689481637148,0,0,"KEN","Sunshine Tour",24,0,11.8262190820291,0,0,1
2711,"Mark Chamberlain",8.24111678844307,"21617",65,0,5.66943040097094,0,0,"ENG","MENA Golf Tour",4,0,2.99531037109899,0,0,1
2712,"Petr Dedek",8.30764813185241,"16717",99,2.60619155790197,9.59587425442177,0.271595009355301,0,"CZE","European Challenge Tour",20,1.14591623416916,5.89880245055987,0.194262520871571,0,1
2713,"Alain Jeanrenaud",8.4008553836539,"20280",66,0,15.8592323416632,0,0,"SUI","ProGolf Tour",22,0,13.4760970528203,0,0,1
2714,"Nicolas Merz Meitinger",8.43365089983225,"9214",44,0,1.5779887925713,0,0,"GER","ProGolf Tour",0,0,0,NA,0,NA
2715,"Mu Hu",8.49920795650109,"8900",44,0.0792198157320546,1.44144208353745,0.0549587226825242,0,"CHN","China Tour - PGA Tour China Series",2,0,0.777953712973726,0,0,1
2716,"Nivorn Inplad de Mattei",8.67514255102245,"20714",43,0,4.50623540958512,0,0,"FRA","ProGolf Tour",12,0,3.26990520417424,0,0,1
2717,"Adriel Poonan",8.70048044992104,"23529",44,1.02331219451955,14.7883404613729,0.0691972298847486,0,"RSA","Sunshine Tour",36,1.02331219451955,14.3348250695158,0.0713864445193481,0,1
2718,"Jonathan Wong",8.76398776613895,"17195",42,0,8.93925380319383,0,0,"MAS","Asian Development Tour",12,0,7.53237958809271,0,0,1
2719,"Tim Gornik",8.8611397398094,"19605",88,0,11.8160586896328,0,0,"SLO","European Challenge Tour",16,0,9.08900649425879,0,0,1
2720,"Oscar Karlsson",9.19789126523098,"22701",45,0,5.78723194643066,0,0,"SWE","Nordic Golf League",13,0,3.45774532060193,0,0,1
2721,"Federico Ranelletti",9.19912387903617,"20295",42,0,1.65454637353294,0,0,"ITA","Alps Golf Tour",2,0,0.523583923726211,0,0,1
2722,"Jan Friesz",9.34553450803404,"18721",62,0.836644676755779,11.3007978397781,0.0740341247244369,0,"SVK","European Challenge Tour",20,0.66805532375019,8.59742966441041,0.0777040755001051,0,1
2723,"Jonas Svensson",9.43829396156802,"20422",55,0,10.019853701365,0,0,"SWE","Nordic Golf League",20,0,7.9376140606318,0,0,1
2724,"Jesper Jurell",9.48741251394927,"21867",59,0,10.0556521529659,0,0,"SWE","Nordic Golf League",20,0,6.53531993186522,0,0,1
2725,"Michael Heffner",9.60792508577996,"21214",80,0,6.72108669936189,0,0,"GER","ProGolf Tour",8,0,2.02717185757094,0,0,1
2726,"Othman Al Mulla(Am)",9.89837888854655,"11985",71,2.86651629764028,15.1673853523421,0.188992119013951,0,"KSA","MENA Golf Tour",16,2.86651629764028,11.4048644659809,0.251341548704124,0,1
2727,"Mahatua Berniere",10.4326426023409,"23212",42,0,12.9912591707047,0,0,"FRA","ProGolf Tour",26,0,11.7885128218414,0,0,1
2728,"Olivier Guisset",10.8801753016216,"22680",60,0,7.3064035841601,0,0,"BEL","ProGolf Tour",12,0,3.13648064992053,0,0,1
2729,"Michael Dreyer",11.2053084367418,"12851",60,0,10.1009697599536,0,0,"RSA","MENA Golf Tour",24,0,8.50944442121114,0,0,1
2730,"Francesco Rocca",12.432342535943,"20298",52,0,6.90557642263776,0,0,"ITA","ProGolf Tour",14,0,5.17924770026727,0,0,1
2731,"Laurids Lohr",14.6242839456099,"21705",54,0,2.36463196936864,0,0,"GER","ProGolf Tour",2,0,0.42304682817397,0,0,1
